Nombre de la imagen: bell1.gif
Imagen cargada: 259x256 px

=======================================================
F4 - 858 símbolos

-------------------------------------------------------
--- F4 ---
Longitud     : 858
Original     : [0, 0, 0, 0, 0, 0, 0, 0, 0, 0, 0, 1, 0, 0, 3, 0, 1, 0, 1, 1, 1, 0, 1, 0, 1, 0, 1, 1, 0, 1, 1, 1, 0, 1, 0, 0, 0, 1, 0, 0, 1, 0, 3, 0, 0, 0, 0, 0, 0, 1, 0, 3, 0, 3, 0, 1, 0, 1, 0, 0, 0, 0, 1, 0, 0, 0, 0, 0, 0, 0, 0, 0, 0, 0, 0, 0, 1, 0, 1, 1, 1, 1, 0, 1, 0, 3, 0, 3, 0, 3, 0, 1, 0, 1, 0, 1, 0, 1, 0, 1, 0, 1, 0, 1, 0, 1, 0, 1, 0, 0, 0, 0, 1, 0, 1, 1, 1, 1, 0, 0, 1, 0, 0, 1, 0, 0, 1, 0, 1, 0, 1, 0, 1, 1, 0, 1, 1, 0, 1, 1, 0, 1, 0, 1, 0, 1, 0, 1, 1, 1, 0, 1, 1, 1, 0, 1, 0, 3, 0, 3, 0, 1, 0, 1, 1, 1, 1, 0, 1, 0, 1, 0, 1, 1, 1, 1, 0, 1, 0, 0, 0, 0, 1, 0, 1, 1, 1, 1, 0, 1, 0, 1, 0, 1, 0, 1, 0, 0, 0, 0, 0, 1, 0, 0, 1, 0, 1, 0, 1, 0, 1, 0, 1, 0, 1, 0, 1, 0, 1, 0, 1, 1, 0, 1, 0, 0, 0, 1, 0, 1, 0, 1, 0, 0, 0, 0, 1, 0, 1, 0, 1, 0, 1, 0, 1, 0, 1, 0, 3, 0, 3, 0, 3, 0, 0, 0, 0, 1, 0, 1, 0, 1, 0, 0, 0, 0, 1, 0, 1, 0, 1, 0, 0, 0, 0, 1, 0, 1, 1, 1, 1, 0, 1, 0, 0, 0, 0, 1, 0, 1, 1, 1, 1, 2, 1, 2, 1, 2, 1, 2, 1, 2, 1, 2, 1, 1, 1, 1, 2, 1, 2, 2, 2, 2, 1, 1, 2, 1, 2, 1, 2, 1, 2, 1, 1, 1, 2, 1, 2, 2, 2, 2, 1, 2, 1, 1, 1, 1, 2, 1, 2, 2, 2, 2, 1, 2, 1, 2, 1, 2, 1, 2, 1, 2, 1, 2, 2, 2, 2, 1, 2, 1, 2, 1, 2, 2, 2, 1, 2, 1, 2, 1, 2, 1, 2, 1, 2, 1, 2, 2, 1, 2, 1, 2, 1, 2, 1, 2, 1, 2, 1, 2, 2, 2, 2, 1, 2, 1, 1, 0, 1, 1, 1, 1, 1, 1, 1, 1, 2, 1, 1, 2, 1, 2, 1, 1, 2, 1, 1, 2, 1, 2, 1, 2, 2, 1, 2, 2, 1, 2, 2, 2, 1, 2, 2, 2, 2, 2, 2, 2, 2, 3, 2, 2, 2, 2, 3, 2, 2, 3, 2, 3, 2, 3, 2, 1, 2, 1, 2, 1, 2, 2, 2, 2, 1, 2, 1, 2, 1, 2, 2, 2, 2, 1, 2, 1, 2, 1, 2, 1, 2, 1, 2, 1, 2, 2, 2, 2, 1, 2, 1, 2, 1, 2, 3, 2, 3, 2, 3, 2, 1, 2, 1, 2, 1, 2, 2, 2, 2, 1, 2, 1, 2, 1, 2, 2, 2, 2, 1, 2, 1, 2, 1, 2, 3, 2, 2, 2, 1, 2, 2, 2, 1, 2, 1, 2, 1, 2, 2, 2, 2, 1, 2, 1, 2, 1, 2, 3, 2, 1, 2, 2, 2, 2, 3, 2, 2, 3, 2, 3, 2, 3, 3, 2, 3, 3, 3, 3, 3, 3, 3, 3, 3, 0, 3, 3, 0, 3, 3, 2, 3, 2, 3, 3, 3, 3, 0, 3, 0, 3, 3, 3, 3, 3, 3, 3, 3, 3, 0, 3, 3, 3, 3, 3, 3, 3, 3, 3, 3, 3, 3, 3, 3, 3, 3, 3, 2, 3, 2, 3, 2, 3, 3, 3, 3, 2, 3, 2, 3, 2, 3, 3, 3, 3, 2, 3, 2, 3, 2, 3, 0, 3, 0, 3, 3, 2, 3, 3, 2, 3, 3, 3, 3, 2, 3, 2, 3, 2, 3, 2, 3, 2, 3, 2, 3, 3, 3, 3, 3, 3, 3, 2, 3, 3, 2, 3, 3, 2, 3, 3, 3, 2, 3, 3, 3, 2, 3, 2, 3, 2, 3, 2, 3, 2, 3, 3, 3, 3, 3, 3, 3, 2, 3, 3, 2, 3, 3, 3, 2, 3, 3, 3, 3, 2, 3, 2, 3, 2, 3, 2, 3, 2, 3, 2, 3, 0, 3, 0, 3, 0, 3, 3, 3, 3, 2, 3, 2, 3, 2, 3, 3, 3, 3, 3, 3, 3, 0, 3, 0, 3, 0, 3, 2, 3, 2, 3, 2, 3, 3, 3, 3, 0, 3, 0, 3, 0, 3, 3, 3, 3, 0, 3, 0, 3, 0, 3, 0, 3, 0, 3, 0, 3, 0, 3, 0, 3, 0, 3, 2, 2, 2, 3, 2, 2, 3, 2, 3, 2, 2, 3, 2, 3, 2, 3, 3, 2, 3, 3, 3, 3, 3, 3, 3, 2, 3, 0, 3, 3, 3, 3, 3, 0, 3, 3, 0, 3, 3, 3, 0, 3, 3, 0, 3, 0, 3, 0, 3, 0, 3, 0, 0, 3, 0, 0, 3, 0, 0, 3, 0, 0, 3, 0, 0, 3, 0, 0, 0, 3]
BWT          : [1, 0, 3, 0, 0, 0, 0, 0, 0, 0, 0, 0, 0, 0, 3, 1, 0, 0, 0, 1, 0, 0, 3, 1, 1, 1, 1, 1, 0, 1, 0, 0, 0, 1, 0, 0, 1, 0, 0, 0, 0, 0, 0, 0, 0, 3, 0, 1, 0, 1, 0, 0, 0, 0, 0, 1, 0, 1, 0, 0, 0, 0, 0, 1, 0, 0, 3, 3, 3, 3, 3, 1, 0, 1, 1, 1, 1, 1, 1, 1, 1, 1, 1, 0, 0, 0, 0, 0, 1, 3, 1, 1, 1, 1, 1, 0, 0, 1, 0, 1, 1, 1, 1, 1, 1, 3, 0, 1, 1, 0, 1, 1, 1, 1, 1, 0, 1, 1, 1, 1, 1, 1, 1, 1, 1, 1, 1, 3, 1, 0, 1, 0, 0, 3, 0, 0, 0, 0, 1, 1, 1, 1, 1, 1, 1, 1, 1, 1, 1, 1, 1, 1, 1, 1, 1, 1, 1, 1, 0, 1, 3, 0, 0, 0, 0, 0, 3, 3, 3, 0, 3, 3, 3, 1, 3, 1, 1, 3, 1, 3, 3, 3, 3, 3, 3, 3, 3, 3, 3, 3, 3, 3, 3, 3, 3, 3, 3, 3, 3, 3, 3, 3, 3, 3, 3, 3, 3, 3, 3, 0, 0, 0, 0, 0, 0, 0, 0, 0, 0, 0, 1, 0, 0, 0, 0, 0, 0, 0, 0, 0, 0, 0, 1, 1, 1, 1, 0, 0, 0, 0, 0, 0, 0, 1, 0, 0, 0, 0, 0, 0, 0, 0, 0, 0, 0, 0, 1, 0, 0, 0, 1, 0, 1, 0, 0, 0, 0, 0, 0, 1, 0, 1, 0, 1, 1, 0, 0, 1, 0, 1, 0, 0, 0, 0, 0, 0, 0, 1, 0, 0, 0, 0, 0, 0, 1, 1, 1, 1, 0, 1, 0, 1, 1, 1, 1, 0, 0, 0, 1, 2, 1, 1, 1, 0, 1, 0, 1, 0, 1, 0, 0, 0, 0, 0, 0, 0, 0, 1, 1, 1, 1, 0, 2, 2, 1, 1, 1, 2, 1, 1, 2, 2, 2, 1, 2, 1, 1, 1, 2, 2, 2, 2, 2, 1, 1, 2, 2, 1, 2, 2, 2, 1, 2, 1, 2, 2, 2, 2, 2, 2, 2, 2, 2, 2, 2, 2, 2, 1, 2, 2, 2, 2, 2, 2, 2, 2, 2, 2, 2, 2, 2, 2, 2, 1, 2, 1, 1, 2, 2, 2, 2, 2, 2, 2, 2, 2, 2, 2, 2, 2, 2, 2, 2, 2, 2, 2, 2, 2, 2, 2, 2, 2, 2, 2, 2, 2, 2, 2, 2, 1, 1, 1, 1, 1, 1, 2, 1, 2, 1, 2, 1, 1, 1, 1, 1, 1, 1, 1, 2, 2, 2, 2, 1, 1, 1, 1, 1, 1, 1, 1, 1, 2, 1, 2, 1, 3, 3, 2, 2, 1, 2, 2, 2, 1, 1, 1, 1, 1, 1, 1, 1, 1, 1, 1, 1, 1, 1, 1, 1, 2, 1, 2, 2, 1, 1, 1, 1, 1, 1, 1, 1, 1, 1, 1, 2, 3, 1, 1, 1, 2, 2, 2, 2, 1, 2, 2, 2, 2, 2, 2, 2, 2, 2, 1, 2, 1, 2, 2, 2, 2, 1, 2, 2, 2, 2, 1, 2, 2, 2, 2, 3, 1, 1, 1, 1, 1, 1, 1, 1, 1, 1, 1, 1, 1, 2, 2, 2, 2, 3, 1, 2, 3, 2, 2, 2, 2, 2, 2, 3, 3, 3, 3, 3, 3, 3, 3, 3, 1, 1, 2, 2, 2, 3, 2, 3, 3, 3, 3, 2, 3, 3, 2, 1, 3, 3, 3, 3, 3, 3, 3, 3, 2, 2, 3, 3, 3, 3, 3, 3, 3, 3, 3, 3, 3, 3, 3, 3, 3, 3, 3, 3, 3, 3, 3, 3, 3, 3, 3, 3, 3, 3, 3, 3, 3, 3, 3, 3, 3, 0, 0, 0, 0, 0, 0, 0, 0, 0, 0, 0, 0, 0, 0, 0, 0, 0, 0, 0, 0, 0, 0, 3, 3, 0, 0, 0, 0, 0, 0, 3, 3, 2, 0, 0, 2, 0, 0, 3, 0, 0, 3, 3, 3, 3, 0, 3, 0, 0, 2, 0, 3, 2, 2, 2, 2, 2, 0, 2, 2, 2, 2, 2, 2, 3, 2, 2, 2, 2, 2, 2, 2, 2, 3, 2, 2, 3, 3, 2, 3, 2, 2, 0, 3, 3, 3, 2, 2, 2, 2, 2, 3, 2, 2, 2, 2, 2, 3, 3, 3, 3, 2, 2, 3, 3, 3, 2, 2, 2, 3, 3, 2, 2, 3, 2, 2, 3, 0, 3, 3, 3, 3, 3, 3, 3, 0, 0, 3, 3, 3, 3, 3, 3, 3, 3, 3, 0, 3, 2, 3, 0, 3, 2, 2, 3, 2, 2, 2, 3, 3, 3, 3, 0, 3, 3, 3, 3, 3, 3, 3, 2, 3, 3, 3, 3, 3, 2, 2, 0, 3, 2, 2, 3, 3, 3, 3, 2, 2, 2, 2, 3, 0, 3, 3, 3, 3, 0, 3, 3, 3, 3, 3, 3, 3, 3, 3, 3, 3, 3, 2, 3, 3, 2, 3, 2, 2, 3, 3, 3, 2, 0, 3, 3, 3, 3, 3, 3, 3, 3, 0]  (index=2)
Round-trip   : lossless

MTFT         : 
Iteraciones usadas: 1
Entropía de salida: 1.1968 bits/símbolo
Round-trip   : lossless

[Compresores] (entrada: cadena post-MTFT, 858 símbolos)
Algoritmo       Tamaño (bytes)  Tasa de compresión  
-------------- -------------- ------------------
Huffman         151             0.1760               lossless  
ZIP             266             0.3100               lossless  
Aritmético      129             0.1503               lossless  
PPM             784             0.9138               lossless  
=======================================================
F8 - 573 símbolos

-------------------------------------------------------
--- F8 ---
Longitud     : 573
Original     : [4, 3, 4, 4, 3, 4, 3, 4, 3, 4, 3, 4, 3, 4, 3, 3, 3, 3, 2, 3, 2, 2, 3, 2, 3, 2, 2, 2, 2, 3, 1, 2, 2, 2, 2, 2, 2, 1, 2, 1, 1, 0, 1, 1, 0, 1, 0, 0, 1, 3, 3, 3, 3, 3, 3, 3, 3, 3, 2, 2, 2, 3, 3, 3, 2, 2, 2, 1, 1, 1, 3, 3, 3, 2, 2, 2, 2, 2, 2, 1, 1, 1, 2, 2, 2, 3, 3, 3, 1, 1, 1, 1, 1, 1, 2, 2, 2, 1, 2, 2, 1, 2, 1, 2, 2, 2, 2, 2, 2, 1, 1, 1, 1, 1, 2, 2, 1, 2, 2, 1, 2, 1, 2, 1, 2, 2, 2, 2, 2, 2, 1, 1, 1, 1, 1, 1, 2, 2, 2, 1, 2, 1, 2, 3, 3, 1, 1, 1, 2, 2, 2, 1, 1, 1, 2, 2, 2, 1, 1, 1, 2, 2, 2, 2, 2, 2, 2, 2, 2, 2, 2, 2, 2, 2, 2, 2, 3, 2, 2, 2, 2, 2, 2, 2, 2, 3, 3, 2, 2, 2, 1, 1, 2, 3, 2, 3, 2, 2, 2, 2, 2, 2, 2, 2, 1, 2, 1, 1, 0, 1, 0, 0, 0, 7, 1, 7, 7, 7, 0, 0, 0, 7, 7, 7, 0, 0, 7, 0, 0, 1, 7, 7, 7, 0, 0, 0, 7, 7, 7, 0, 0, 0, 7, 7, 7, 1, 1, 1, 7, 7, 7, 0, 0, 0, 7, 7, 7, 7, 7, 7, 0, 0, 0, 7, 7, 7, 0, 0, 0, 7, 7, 7, 1, 1, 1, 0, 1, 0, 0, 0, 1, 0, 0, 0, 0, 0, 0, 0, 7, 0, 0, 7, 0, 7, 0, 7, 7, 6, 7, 6, 7, 7, 6, 7, 6, 6, 6, 6, 6, 6, 6, 5, 6, 7, 7, 0, 0, 0, 7, 7, 7, 7, 7, 7, 0, 7, 7, 7, 7, 7, 7, 0, 0, 7, 7, 7, 0, 0, 0, 7, 7, 7, 7, 7, 7, 0, 0, 0, 7, 6, 6, 6, 7, 7, 0, 0, 0, 7, 6, 6, 7, 7, 7, 7, 6, 7, 0, 0, 0, 7, 6, 6, 6, 7, 7, 7, 7, 7, 7, 6, 6, 6, 5, 4, 4, 4, 5, 5, 6, 6, 6, 5, 4, 4, 4, 5, 5, 5, 4, 4, 4, 5, 5, 5, 4, 4, 4, 3, 3, 3, 5, 5, 5, 5, 5, 5, 4, 4, 4, 5, 5, 5, 4, 4, 5, 5, 6, 5, 5, 5, 5, 5, 5, 5, 5, 4, 5, 4, 4, 4, 4, 5, 5, 5, 5, 5, 6, 6, 6, 5, 4, 4, 4, 5, 5, 6, 6, 6, 5, 5, 5, 6, 6, 6, 5, 3, 3, 5, 5, 6, 6, 5, 6, 6, 5, 5, 5, 5, 6, 5, 6, 5, 6, 5, 5, 5, 4, 5, 4, 5, 4, 5, 6, 6, 6, 5, 4, 4, 4, 5, 5, 5, 5, 5, 5, 5, 5, 5, 3, 3, 3, 5, 5, 6, 6, 6, 5, 4, 4, 4, 4, 4, 4, 4, 4, 4, 4, 4, 4, 5, 4, 4, 4, 5, 5, 3, 3, 5, 4, 4, 4, 4, 4, 3, 5, 4, 5, 4, 4, 5, 5, 6, 6, 5, 6, 5, 5, 5, 6, 6, 5, 3, 4, 5, 4, 4, 4, 4, 4, 4, 4, 4, 4]
BWT          : [1, 0, 0, 0, 1, 0, 1, 7, 7, 7, 7, 7, 7, 7, 7, 7, 7, 7, 0, 1, 7, 7, 0, 7, 0, 0, 0, 0, 0, 0, 7, 0, 0, 0, 0, 0, 0, 0, 1, 1, 1, 1, 0, 0, 0, 0, 0, 7, 0, 0, 0, 0, 7, 0, 0, 0, 0, 0, 0, 0, 0, 7, 0, 0, 0, 0, 0, 1, 1, 1, 1, 1, 2, 0, 2, 7, 2, 3, 2, 1, 1, 1, 1, 1, 1, 3, 2, 1, 1, 2, 2, 2, 7, 1, 1, 1, 1, 1, 1, 1, 2, 1, 1, 2, 2, 2, 2, 2, 2, 2, 2, 1, 1, 1, 1, 1, 2, 2, 3, 1, 1, 1, 2, 1, 0, 0, 7, 1, 1, 1, 2, 2, 2, 2, 2, 2, 2, 2, 2, 2, 1, 2, 2, 2, 2, 1, 1, 1, 2, 2, 2, 2, 2, 2, 2, 2, 2, 1, 1, 2, 1, 2, 2, 2, 1, 1, 2, 3, 3, 2, 2, 1, 1, 2, 2, 2, 2, 2, 2, 2, 2, 2, 2, 1, 1, 3, 2, 1, 2, 3, 1, 2, 2, 2, 2, 2, 2, 2, 2, 3, 2, 2, 2, 2, 2, 2, 3, 2, 2, 2, 2, 2, 1, 3, 2, 2, 3, 2, 2, 2, 2, 3, 2, 3, 3, 1, 2, 1, 2, 2, 2, 3, 3, 2, 3, 3, 3, 2, 2, 2, 3, 2, 2, 2, 3, 3, 2, 3, 2, 3, 3, 3, 2, 2, 1, 3, 3, 3, 4, 3, 3, 3, 3, 1, 4, 5, 5, 3, 5, 3, 4, 4, 4, 4, 4, 4, 5, 3, 4, 3, 3, 3, 3, 4, 3, 3, 3, 3, 4, 4, 4, 4, 3, 4, 4, 5, 4, 4, 4, 4, 4, 5, 4, 4, 4, 4, 5, 5, 4, 4, 4, 4, 4, 4, 4, 4, 5, 4, 5, 5, 5, 5, 5, 4, 5, 5, 4, 4, 4, 4, 4, 4, 4, 5, 5, 4, 4, 3, 5, 4, 5, 5, 5, 4, 4, 4, 4, 4, 4, 4, 4, 4, 4, 5, 5, 5, 6, 6, 5, 3, 4, 6, 4, 4, 5, 6, 5, 6, 6, 6, 5, 4, 5, 3, 5, 4, 4, 5, 4, 5, 5, 5, 5, 5, 5, 5, 4, 4, 5, 4, 5, 6, 5, 5, 5, 5, 5, 5, 5, 3, 5, 5, 5, 5, 6, 4, 4, 6, 5, 5, 6, 6, 5, 4, 5, 5, 4, 3, 5, 3, 4, 5, 4, 6, 5, 6, 6, 5, 5, 6, 5, 5, 5, 5, 5, 4, 5, 5, 6, 6, 6, 6, 6, 6, 6, 6, 5, 5, 6, 5, 6, 5, 6, 5, 6, 6, 6, 5, 6, 6, 6, 6, 6, 5, 6, 5, 5, 6, 5, 5, 5, 5, 7, 5, 5, 6, 6, 6, 6, 7, 7, 7, 6, 7, 6, 7, 7, 7, 6, 5, 7, 6, 6, 7, 6, 7, 7, 7, 7, 7, 7, 7, 7, 7, 0, 7, 0, 7, 0, 0, 7, 7, 7, 0, 7, 6, 0, 0, 0, 7, 7, 7, 6, 7, 6, 7, 7, 7, 7, 7, 7, 7, 6, 7, 7, 7, 7, 7, 7, 7, 6, 0, 7, 7, 1, 1, 0, 0, 0, 1, 0, 7, 7, 0, 0, 7, 7, 7, 7, 7, 7, 7, 6, 7, 7, 7, 7, 7, 0, 0, 0, 0, 6]  (index=289)
Round-trip   : lossless

MTFT         : 
Iteraciones usadas: 1
Entropía de salida: 1.6511 bits/símbolo
Round-trip   : lossless

[Compresores] (entrada: cadena post-MTFT, 573 símbolos)
Algoritmo       Tamaño (bytes)  Tasa de compresión  
-------------- -------------- ------------------
Huffman         122             0.2129               lossless  
ZIP             246             0.4293               lossless  
Aritmético      119             0.2077               lossless  
PPM             1113            1.9424               lossless  
=======================================================
VCC - 858 símbolos

-------------------------------------------------------
--- VCC ---
Longitud     : 858
Original     : [1, 0, 0, 0, 0, 0, 0, 0, 0, 0, 0, 1, 2, 0, 2, 1, 1, 2, 1, 0, 0, 2, 1, 2, 1, 2, 1, 0, 2, 1, 0, 0, 2, 1, 2, 0, 0, 1, 2, 0, 1, 2, 2, 1, 0, 0, 0, 0, 0, 1, 2, 2, 1, 2, 1, 1, 2, 1, 2, 0, 0, 0, 1, 2, 0, 0, 0, 0, 0, 0, 0, 0, 0, 0, 0, 0, 1, 2, 1, 0, 0, 0, 2, 1, 2, 2, 1, 2, 1, 2, 1, 1, 2, 1, 2, 1, 2, 1, 2, 1, 2, 1, 2, 1, 2, 1, 2, 1, 2, 0, 0, 0, 1, 2, 1, 0, 0, 0, 2, 0, 1, 2, 0, 1, 2, 0, 1, 2, 1, 2, 1, 2, 1, 0, 2, 1, 0, 2, 1, 0, 2, 1, 2, 1, 2, 1, 2, 1, 0, 0, 2, 1, 0, 0, 2, 1, 2, 2, 1, 2, 1, 1, 2, 1, 0, 0, 0, 2, 1, 2, 1, 2, 1, 0, 0, 0, 2, 1, 2, 0, 0, 0, 1, 2, 1, 0, 0, 0, 2, 1, 2, 1, 2, 1, 2, 1, 2, 0, 0, 0, 0, 1, 2, 0, 1, 2, 1, 2, 1, 2, 1, 2, 1, 2, 1, 2, 1, 2, 1, 2, 1, 0, 2, 1, 2, 0, 0, 1, 2, 1, 2, 1, 2, 0, 0, 0, 1, 2, 1, 2, 1, 2, 1, 2, 1, 2, 1, 2, 2, 1, 2, 1, 2, 1, 0, 0, 0, 1, 2, 1, 2, 1, 2, 0, 0, 0, 1, 2, 1, 2, 1, 2, 0, 0, 0, 1, 2, 1, 0, 0, 0, 2, 1, 2, 0, 0, 0, 1, 2, 1, 0, 0, 0, 1, 2, 1, 2, 1, 2, 1, 2, 1, 2, 1, 2, 0, 0, 0, 1, 2, 1, 0, 0, 0, 2, 0, 1, 2, 1, 2, 1, 2, 1, 2, 0, 0, 1, 2, 1, 0, 0, 0, 2, 1, 2, 0, 0, 0, 1, 2, 1, 0, 0, 0, 2, 1, 2, 1, 2, 1, 2, 1, 2, 1, 2, 1, 0, 0, 0, 2, 1, 2, 1, 2, 1, 0, 0, 2, 1, 2, 1, 2, 1, 2, 1, 2, 1, 2, 1, 0, 2, 1, 2, 1, 2, 1, 2, 1, 2, 1, 2, 1, 0, 0, 0, 2, 1, 2, 0, 2, 1, 0, 0, 0, 0, 0, 0, 0, 1, 2, 0, 1, 2, 1, 2, 0, 1, 2, 0, 1, 2, 1, 2, 1, 0, 2, 1, 0, 2, 1, 0, 0, 2, 1, 0, 0, 0, 0, 0, 0, 0, 1, 2, 0, 0, 0, 1, 2, 0, 1, 2, 1, 2, 1, 2, 2, 1, 2, 1, 2, 1, 0, 0, 0, 2, 1, 2, 1, 2, 1, 0, 0, 0, 2, 1, 2, 1, 2, 1, 2, 1, 2, 1, 2, 1, 0, 0, 0, 2, 1, 2, 1, 2, 1, 1, 2, 1, 2, 1, 2, 2, 1, 2, 1, 2, 1, 0, 0, 0, 2, 1, 2, 1, 2, 1, 0, 0, 0, 2, 1, 2, 1, 2, 1, 1, 2, 0, 0, 2, 1, 0, 0, 2, 1, 2, 1, 2, 1, 0, 0, 0, 2, 1, 2, 1, 2, 1, 1, 2, 2, 1, 0, 0, 0, 1, 2, 0, 1, 2, 1, 2, 1, 0, 2, 1, 0, 0, 0, 0, 0, 0, 0, 0, 1, 2, 0, 1, 2, 0, 2, 1, 2, 1, 0, 0, 0, 1, 2, 1, 2, 0, 0, 0, 0, 0, 0, 0, 0, 1, 2, 0, 0, 0, 0, 0, 0, 0, 0, 0, 0, 0, 0, 0, 0, 0, 0, 2, 1, 2, 1, 2, 1, 0, 0, 0, 2, 1, 2, 1, 2, 1, 0, 0, 0, 2, 1, 2, 1, 2, 1, 1, 2, 1, 2, 0, 2, 1, 0, 2, 1, 0, 0, 0, 2, 1, 2, 1, 2, 1, 2, 1, 2, 1, 2, 1, 0, 0, 0, 0, 0, 0, 2, 1, 0, 2, 1, 0, 2, 1, 0, 0, 2, 1, 0, 0, 2, 1, 2, 1, 2, 1, 2, 1, 2, 1, 0, 0, 0, 0, 0, 0, 2, 1, 0, 2, 1, 0, 0, 2, 1, 0, 0, 0, 2, 1, 2, 1, 2, 1, 2, 1, 2, 1, 2, 1, 1, 2, 1, 2, 1, 2, 0, 0, 0, 2, 1, 2, 1, 2, 1, 0, 0, 0, 0, 0, 0, 1, 2, 1, 2, 1, 2, 2, 1, 2, 1, 2, 1, 0, 0, 0, 1, 2, 1, 2, 1, 2, 0, 0, 0, 1, 2, 1, 2, 1, 2, 1, 2, 1, 2, 1, 2, 1, 2, 1, 2, 1, 2, 2, 0, 0, 1, 2, 0, 1, 2, 1, 2, 0, 1, 2, 1, 2, 1, 0, 2, 1, 0, 0, 0, 0, 0, 0, 2, 1, 1, 2, 0, 0, 0, 0, 1, 2, 0, 1, 2, 0, 0, 1, 2, 0, 1, 2, 1, 2, 1, 2, 1, 2, 1, 0, 2, 1, 0, 2, 1, 0, 2, 1, 0, 2, 1, 0, 2, 1, 0, 0, 2]
BWT          : [2, 0, 0, 0, 2, 0, 0, 0, 1, 0, 0, 0, 0, 0, 2, 1, 0, 0, 0, 0, 1, 0, 1, 0, 0, 0, 0, 0, 0, 0, 0, 0, 1, 1, 1, 1, 0, 0, 0, 0, 0, 0, 0, 0, 1, 0, 0, 0, 0, 0, 0, 2, 0, 0, 2, 0, 0, 0, 0, 0, 0, 0, 0, 0, 2, 0, 0, 0, 0, 1, 0, 2, 0, 2, 2, 2, 2, 2, 2, 0, 1, 2, 1, 1, 1, 2, 2, 0, 0, 1, 1, 0, 0, 0, 1, 1, 1, 1, 2, 1, 0, 1, 1, 1, 1, 1, 1, 1, 1, 1, 1, 1, 1, 1, 1, 0, 0, 0, 0, 0, 0, 2, 0, 2, 0, 0, 2, 0, 0, 0, 0, 0, 2, 0, 0, 0, 0, 0, 0, 0, 2, 0, 0, 0, 0, 0, 0, 0, 1, 1, 1, 2, 1, 1, 0, 0, 0, 0, 0, 0, 1, 0, 0, 0, 0, 0, 0, 1, 0, 0, 1, 0, 0, 0, 0, 0, 1, 0, 0, 0, 1, 0, 1, 0, 0, 0, 0, 2, 0, 2, 0, 0, 0, 0, 2, 2, 0, 0, 0, 0, 0, 2, 0, 0, 0, 0, 0, 0, 0, 0, 0, 2, 2, 2, 2, 2, 0, 0, 0, 0, 2, 2, 2, 0, 2, 0, 0, 0, 2, 2, 0, 0, 0, 0, 1, 0, 2, 1, 1, 0, 1, 1, 1, 1, 1, 0, 0, 0, 2, 1, 1, 0, 1, 1, 0, 1, 1, 1, 1, 0, 2, 0, 0, 0, 0, 1, 0, 2, 0, 0, 0, 0, 0, 0, 0, 0, 0, 0, 0, 0, 0, 1, 0, 0, 0, 1, 0, 0, 0, 0, 0, 0, 2, 2, 2, 2, 2, 2, 2, 2, 2, 2, 2, 2, 2, 2, 2, 2, 2, 2, 2, 2, 2, 2, 2, 2, 2, 2, 2, 2, 2, 2, 2, 2, 2, 2, 2, 2, 2, 2, 2, 2, 2, 2, 2, 2, 2, 2, 2, 2, 2, 2, 2, 2, 2, 2, 2, 2, 2, 2, 2, 2, 2, 2, 2, 2, 2, 2, 2, 2, 2, 2, 2, 2, 2, 2, 2, 0, 0, 2, 1, 2, 2, 0, 2, 2, 2, 2, 2, 2, 2, 2, 2, 2, 0, 2, 2, 2, 1, 0, 2, 0, 0, 0, 0, 0, 2, 0, 0, 0, 0, 0, 0, 2, 2, 0, 0, 2, 2, 2, 2, 2, 2, 0, 0, 0, 0, 2, 0, 2, 1, 2, 2, 2, 2, 2, 2, 2, 2, 0, 0, 2, 0, 2, 1, 2, 2, 2, 2, 2, 2, 2, 2, 2, 2, 2, 2, 2, 2, 2, 2, 2, 0, 2, 1, 2, 2, 2, 2, 2, 2, 2, 2, 0, 0, 1, 2, 2, 2, 2, 2, 2, 2, 2, 2, 2, 2, 2, 2, 2, 2, 2, 2, 2, 0, 0, 2, 0, 2, 2, 2, 2, 2, 2, 2, 2, 2, 2, 2, 2, 2, 0, 0, 0, 0, 1, 2, 2, 2, 2, 2, 2, 2, 2, 0, 2, 2, 2, 2, 2, 2, 0, 2, 2, 2, 2, 2, 0, 2, 2, 2, 2, 2, 2, 2, 2, 2, 2, 2, 2, 2, 0, 2, 2, 2, 2, 0, 1, 0, 2, 2, 2, 0, 2, 2, 2, 2, 2, 2, 0, 1, 0, 2, 2, 2, 2, 2, 2, 0, 1, 2, 0, 2, 2, 2, 2, 2, 1, 1, 1, 1, 1, 1, 1, 1, 1, 1, 1, 1, 1, 1, 1, 1, 1, 2, 1, 1, 1, 1, 1, 1, 0, 1, 1, 1, 1, 1, 1, 1, 1, 1, 0, 1, 1, 1, 1, 1, 1, 1, 1, 0, 0, 0, 0, 1, 1, 1, 0, 2, 2, 1, 1, 1, 1, 1, 1, 1, 1, 1, 1, 1, 1, 1, 1, 1, 1, 1, 1, 1, 1, 0, 1, 1, 0, 1, 0, 0, 0, 0, 1, 0, 0, 1, 0, 1, 0, 1, 1, 0, 0, 0, 0, 0, 1, 0, 1, 0, 0, 0, 1, 1, 0, 1, 0, 1, 0, 1, 1, 0, 1, 1, 1, 1, 1, 1, 1, 1, 1, 0, 1, 1, 1, 0, 0, 1, 1, 1, 1, 0, 1, 0, 1, 1, 0, 1, 1, 1, 1, 0, 1, 1, 1, 1, 1, 1, 1, 1, 1, 1, 1, 1, 1, 1, 1, 1, 1, 1, 1, 1, 1, 1, 1, 1, 2, 2, 1, 1, 1, 1, 1, 1, 1, 1, 1, 1, 1, 1, 1, 1, 0, 1, 1, 2, 2, 0, 1, 2, 0, 2, 1, 0, 0, 1, 0, 0, 1, 0, 0, 1, 1, 1, 1, 0, 0, 1, 2, 0, 0, 1, 1, 1, 1, 1, 1, 1, 1, 1, 0, 1, 1, 1, 1, 0, 1, 1, 0, 1, 1, 1, 1, 1, 1, 1, 1, 1, 0, 0, 0, 0, 1, 0, 0, 1, 1, 1, 1, 1, 1, 1, 1, 1, 1, 1, 1, 1, 1, 1, 1, 1, 1, 1, 1, 0, 1, 1, 1, 1, 0, 1, 1, 1, 1, 1, 1, 1, 1, 1, 1]  (index=292)
Round-trip   : lossless

MTFT         : 
Iteraciones usadas: 1
Entropía de salida: 1.1449 bits/símbolo
Round-trip   : lossless

[Compresores] (entrada: cadena post-MTFT, 858 símbolos)
Algoritmo       Tamaño (bytes)  Tasa de compresión  
-------------- -------------- ------------------
Huffman         140             0.1632               lossless  
ZIP             251             0.2925               lossless  
Aritmético      123             0.1434               lossless  
PPM             684             0.7972               lossless  
=======================================================
3OT - 858 símbolos

-------------------------------------------------------
--- 3OT ---
Longitud     : 858
Original     : [0, 0, 0, 0, 0, 0, 0, 0, 0, 0, 2, 1, 0, 2, 1, 2, 1, 1, 0, 0, 1, 1, 1, 1, 1, 1, 0, 1, 1, 0, 0, 1, 1, 1, 0, 0, 1, 1, 0, 1, 1, 2, 1, 0, 0, 0, 0, 0, 2, 1, 2, 1, 1, 1, 2, 1, 1, 1, 0, 0, 0, 1, 1, 0, 0, 0, 0, 0, 0, 0, 0, 0, 0, 0, 0, 1, 1, 1, 0, 0, 0, 1, 1, 1, 2, 1, 1, 1, 1, 1, 2, 1, 1, 1, 1, 1, 1, 1, 1, 1, 1, 1, 1, 1, 1, 1, 1, 1, 0, 0, 0, 1, 1, 1, 0, 0, 0, 1, 0, 1, 1, 0, 1, 1, 0, 1, 1, 1, 1, 1, 1, 1, 0, 1, 1, 0, 1, 1, 0, 1, 1, 1, 1, 1, 1, 1, 1, 0, 0, 1, 1, 0, 0, 1, 1, 1, 2, 1, 1, 1, 2, 1, 1, 0, 0, 0, 1, 1, 1, 1, 1, 1, 0, 0, 0, 1, 1, 1, 0, 0, 0, 1, 1, 1, 0, 0, 0, 1, 1, 1, 1, 1, 1, 1, 1, 1, 0, 0, 0, 0, 1, 1, 0, 1, 1, 1, 1, 1, 1, 1, 1, 1, 1, 1, 1, 1, 1, 1, 1, 1, 0, 1, 1, 1, 0, 0, 1, 1, 1, 1, 1, 1, 0, 0, 0, 1, 1, 1, 1, 1, 1, 1, 1, 1, 1, 1, 1, 2, 1, 1, 1, 1, 1, 0, 0, 0, 2, 1, 1, 1, 1, 1, 0, 0, 0, 1, 1, 1, 1, 1, 1, 0, 0, 0, 1, 1, 1, 0, 0, 0, 1, 1, 1, 0, 0, 0, 1, 1, 1, 0, 0, 0, 2, 1, 1, 1, 1, 1, 1, 1, 1, 1, 1, 1, 0, 0, 0, 1, 1, 1, 0, 0, 0, 1, 0, 1, 1, 1, 1, 1, 1, 1, 1, 0, 0, 1, 1, 1, 0, 0, 0, 1, 1, 1, 0, 0, 0, 1, 1, 1, 0, 0, 0, 1, 1, 1, 1, 1, 1, 1, 1, 1, 1, 1, 1, 0, 0, 0, 1, 1, 1, 1, 1, 1, 0, 0, 1, 1, 1, 1, 1, 1, 1, 1, 1, 1, 1, 1, 0, 1, 1, 1, 1, 1, 1, 1, 1, 1, 1, 1, 1, 0, 0, 0, 1, 1, 1, 0, 2, 1, 0, 0, 0, 0, 0, 0, 0, 2, 1, 0, 1, 1, 1, 1, 0, 1, 1, 0, 1, 1, 1, 1, 1, 0, 1, 1, 0, 1, 1, 0, 0, 1, 1, 0, 0, 0, 0, 0, 0, 0, 2, 1, 0, 0, 0, 1, 1, 0, 1, 1, 1, 1, 1, 1, 2, 1, 1, 1, 1, 1, 0, 0, 0, 1, 1, 1, 1, 1, 1, 0, 0, 0, 1, 1, 1, 1, 1, 1, 1, 1, 1, 1, 1, 1, 0, 0, 0, 1, 1, 1, 1, 1, 1, 2, 1, 1, 1, 1, 1, 2, 1, 1, 1, 1, 1, 0, 0, 0, 1, 1, 1, 1, 1, 1, 0, 0, 0, 1, 1, 1, 1, 1, 1, 2, 1, 0, 0, 2, 1, 0, 0, 1, 1, 1, 1, 1, 1, 0, 0, 0, 1, 1, 1, 1, 1, 1, 2, 1, 2, 1, 0, 0, 0, 2, 1, 0, 1, 1, 1, 1, 1, 0, 1, 1, 0, 0, 0, 0, 0, 0, 0, 0, 2, 1, 0, 1, 1, 0, 2, 1, 1, 1, 0, 0, 0, 2, 1, 1, 1, 0, 0, 0, 0, 0, 0, 0, 0, 1, 1, 0, 0, 0, 0, 0, 0, 0, 0, 0, 0, 0, 0, 0, 0, 0, 0, 2, 1, 1, 1, 1, 1, 0, 0, 0, 1, 1, 1, 1, 1, 1, 0, 0, 0, 1, 1, 1, 1, 1, 1, 2, 1, 1, 1, 0, 2, 1, 0, 1, 1, 0, 0, 0, 1, 1, 1, 1, 1, 1, 1, 1, 1, 1, 1, 1, 0, 0, 0, 0, 0, 0, 1, 1, 0, 1, 1, 0, 1, 1, 0, 0, 1, 1, 0, 0, 1, 1, 1, 1, 1, 1, 1, 1, 1, 1, 0, 0, 0, 0, 0, 0, 1, 1, 0, 1, 1, 0, 0, 1, 1, 0, 0, 0, 1, 1, 1, 1, 1, 1, 1, 1, 1, 1, 1, 1, 2, 1, 1, 1, 1, 1, 0, 0, 0, 2, 1, 1, 1, 1, 1, 0, 0, 0, 0, 0, 0, 2, 1, 1, 1, 1, 1, 2, 1, 1, 1, 1, 1, 0, 0, 0, 2, 1, 1, 1, 1, 1, 0, 0, 0, 1, 1, 1, 1, 1, 1, 1, 1, 1, 1, 1, 1, 1, 1, 1, 1, 1, 1, 2, 0, 0, 1, 1, 0, 1, 1, 1, 1, 0, 1, 1, 1, 1, 1, 0, 1, 1, 0, 0, 0, 0, 0, 0, 1, 1, 2, 1, 0, 0, 0, 0, 1, 1, 0, 1, 1, 0, 0, 1, 1, 0, 1, 1, 1, 1, 1, 1, 1, 1, 1, 0, 1, 1, 0, 1, 1, 0, 1, 1, 0, 1, 1, 0, 1, 1, 0, 0, 1, 1]
BWT          : [1, 0, 0, 0, 1, 0, 0, 0, 0, 1, 0, 0, 0, 0, 1, 0, 1, 0, 0, 0, 0, 1, 0, 1, 0, 0, 0, 1, 1, 0, 1, 0, 0, 0, 0, 0, 1, 0, 0, 0, 0, 0, 0, 0, 0, 0, 0, 0, 1, 0, 0, 1, 0, 1, 0, 0, 0, 0, 0, 0, 0, 0, 0, 1, 1, 0, 1, 0, 0, 0, 0, 1, 1, 1, 1, 1, 1, 1, 1, 1, 0, 1, 1, 1, 1, 1, 1, 1, 1, 1, 1, 1, 1, 1, 1, 1, 1, 1, 1, 1, 1, 0, 0, 0, 0, 1, 0, 1, 1, 1, 0, 1, 1, 0, 0, 0, 0, 0, 0, 1, 1, 1, 1, 1, 0, 0, 0, 2, 1, 0, 0, 1, 0, 0, 1, 0, 0, 0, 0, 0, 0, 0, 0, 1, 0, 0, 0, 0, 1, 0, 0, 1, 0, 1, 0, 1, 0, 0, 0, 1, 0, 0, 0, 0, 0, 0, 0, 0, 1, 0, 0, 1, 0, 0, 0, 0, 0, 0, 0, 0, 0, 0, 0, 0, 0, 0, 0, 0, 0, 1, 0, 1, 1, 0, 1, 1, 1, 1, 1, 1, 0, 0, 1, 1, 0, 1, 0, 1, 0, 1, 1, 1, 1, 0, 1, 1, 1, 0, 0, 0, 0, 1, 0, 0, 0, 0, 0, 0, 0, 0, 0, 0, 0, 0, 1, 0, 1, 1, 1, 1, 1, 0, 0, 0, 0, 0, 0, 0, 0, 0, 1, 1, 1, 0, 1, 0, 0, 1, 0, 0, 0, 1, 0, 0, 0, 0, 0, 1, 0, 0, 0, 0, 1, 0, 1, 0, 0, 1, 0, 0, 0, 0, 0, 1, 0, 0, 0, 0, 0, 0, 1, 0, 1, 1, 1, 1, 1, 1, 2, 1, 1, 1, 1, 2, 2, 1, 1, 1, 1, 2, 1, 1, 1, 1, 1, 1, 1, 1, 1, 1, 1, 1, 1, 1, 1, 1, 1, 1, 1, 1, 1, 1, 1, 1, 1, 1, 1, 1, 2, 1, 1, 1, 1, 1, 1, 1, 1, 1, 1, 1, 1, 1, 1, 1, 2, 1, 1, 1, 1, 2, 1, 1, 2, 1, 1, 1, 1, 1, 1, 1, 1, 1, 1, 1, 1, 0, 1, 1, 1, 1, 2, 1, 2, 1, 2, 1, 1, 1, 1, 0, 1, 1, 1, 1, 1, 1, 1, 1, 2, 0, 0, 0, 1, 0, 0, 1, 1, 0, 1, 1, 1, 1, 1, 1, 1, 1, 1, 1, 1, 1, 1, 1, 1, 1, 2, 1, 1, 1, 1, 1, 0, 1, 1, 1, 0, 1, 1, 1, 1, 1, 1, 1, 1, 1, 1, 1, 0, 0, 0, 0, 1, 0, 1, 1, 0, 1, 2, 0, 1, 0, 1, 1, 0, 0, 0, 0, 0, 1, 0, 1, 0, 0, 0, 1, 1, 1, 0, 0, 1, 0, 1, 0, 0, 0, 0, 1, 0, 0, 0, 1, 1, 0, 2, 1, 1, 1, 1, 0, 0, 2, 1, 1, 1, 1, 0, 0, 0, 0, 0, 1, 1, 1, 1, 1, 1, 0, 0, 1, 1, 1, 1, 1, 1, 1, 0, 2, 1, 1, 1, 0, 1, 0, 1, 0, 1, 1, 1, 1, 1, 1, 1, 1, 1, 1, 1, 0, 2, 1, 1, 1, 1, 1, 1, 1, 1, 1, 1, 1, 1, 1, 1, 1, 1, 1, 1, 1, 1, 1, 1, 1, 1, 1, 1, 1, 1, 1, 1, 1, 1, 1, 0, 1, 0, 1, 1, 1, 2, 1, 1, 1, 1, 1, 1, 2, 2, 2, 2, 1, 1, 2, 1, 1, 1, 1, 1, 2, 2, 2, 1, 1, 1, 0, 0, 1, 0, 1, 1, 1, 1, 1, 1, 1, 1, 1, 0, 0, 1, 1, 0, 0, 0, 0, 1, 0, 1, 1, 0, 0, 1, 1, 1, 1, 1, 1, 1, 1, 1, 1, 1, 1, 1, 1, 1, 0, 1, 1, 1, 1, 1, 1, 1, 1, 1, 1, 0, 0, 1, 1, 1, 1, 1, 0, 1, 1, 1, 1, 1, 0, 1, 1, 0, 1, 1, 1, 1, 1, 1, 1, 1, 1, 1, 2, 1, 1, 1, 1, 1, 0, 1, 0, 0, 0, 1, 0, 1, 1, 1, 1, 1, 1, 1, 1, 2, 0, 0, 1, 1, 1, 1, 1, 1, 0, 0, 1, 1, 1, 1, 1, 1, 1, 1, 1, 1, 1, 1, 1, 1, 1, 1, 0, 0, 0, 1, 1, 0, 0, 1, 1, 1, 1, 2, 1, 1, 2, 2, 1, 1, 1, 1, 1, 1, 1, 1, 1, 1, 1, 1, 1, 1, 1, 2, 2, 1, 1, 1, 1, 1, 1, 1, 1, 0, 0, 1, 1, 0, 0, 1, 1, 1, 1, 1, 1, 1, 1, 1, 1, 1, 1, 1, 1, 1, 1, 1, 2, 1, 1, 2, 1, 1, 1, 1, 1, 1, 1, 1, 1, 1, 1, 2, 1, 1, 0, 1, 1, 0, 1, 0, 1, 0, 0, 0, 0, 0, 1, 1, 0, 1, 0, 1, 0, 0, 1, 1, 0, 0, 1, 1, 1, 0, 1, 1, 0, 1, 1, 1, 1, 0, 0]  (index=9)
Round-trip   : lossless

MTFT         : 
Iteraciones usadas: 1
Entropía de salida: 1.0981 bits/símbolo
Round-trip   : lossless

[Compresores] (entrada: cadena post-MTFT, 858 símbolos)
Algoritmo       Tamaño (bytes)  Tasa de compresión  
-------------- -------------- ------------------
Huffman         143             0.1667               lossless  
ZIP             243             0.2832               lossless  
Aritmético      118             0.1375               lossless  
PPM             641             0.7471               lossless  


  Guardado: resultados/resultado_bell1/plot_bell1_imagen_contornos.png
  Guardado: resultados/resultado_bell1/plot_bell1_bytes_comprimidos.png
   Guardado: resultados/resultado_bell1/plot_bell1_ratio_compresion.png

Resultados exportados con éxito en la carpeta: resultados/resultado_bell1

