Nombre de la imagen: butterfly2.gif
Imagen cargada: 679x684 px

=======================================================
F4 - 3354 símbolos

-------------------------------------------------------
--- F4 ---
Longitud     : 3354
Original     : [0, 1, 0, 0, 3, 0, 0, 1, 0, 0, 0, 1, 0, 3, 0, 1, 0, 1, 0, 0, 0, 1, 0, 1, 0, 3, 0, 1, 1, 0, 0, 1, 0, 1, 0, 1, 0, 0, 1, 0, 1, 0, 1, 0, 1, 0, 1, 0, 1, 0, 0, 1, 1, 0, 1, 0, 1, 0, 1, 0, 1, 0, 0, 1, 2, 1, 0, 1, 0, 1, 0, 1, 1, 0, 1, 0, 1, 0, 1, 1, 0, 1, 0, 1, 1, 0, 1, 1, 0, 1, 0, 1, 1, 0, 1, 1, 0, 1, 0, 1, 1, 1, 0, 1, 0, 1, 0, 1, 0, 0, 1, 2, 1, 2, 1, 0, 1, 1, 0, 1, 0, 1, 1, 1, 1, 0, 1, 0, 1, 1, 0, 1, 1, 1, 0, 1, 0, 1, 2, 1, 1, 0, 1, 1, 0, 1, 1, 0, 1, 1, 1, 0, 1, 0, 1, 2, 1, 1, 1, 0, 1, 0, 1, 2, 1, 0, 1, 0, 1, 2, 1, 1, 0, 1, 1, 0, 1, 2, 1, 1, 0, 1, 1, 0, 1, 1, 2, 1, 0, 1, 1, 0, 1, 2, 1, 1, 0, 1, 1, 2, 1, 0, 1, 0, 1, 2, 1, 1, 0, 1, 1, 1, 1, 1, 1, 1, 0, 1, 1, 2, 1, 1, 0, 1, 1, 1, 2, 1, 0, 1, 0, 1, 2, 1, 1, 0, 1, 2, 1, 1, 0, 1, 2, 1, 0, 1, 2, 1, 1, 0, 1, 2, 1, 1, 0, 1, 2, 1, 0, 1, 1, 1, 1, 2, 1, 1, 0, 1, 1, 2, 1, 0, 1, 1, 1, 1, 2, 1, 0, 1, 2, 1, 1, 0, 1, 2, 1, 1, 0, 1, 2, 1, 1, 0, 1, 2, 1, 1, 2, 1, 0, 1, 0, 1, 2, 2, 1, 0, 1, 1, 2, 1, 1, 0, 1, 2, 1, 1, 2, 1, 0, 1, 1, 1, 1, 1, 2, 1, 0, 1, 2, 1, 1, 0, 1, 2, 2, 1, 0, 1, 1, 1, 2, 1, 0, 1, 2, 1, 0, 1, 1, 2, 1, 1, 1, 1, 1, 2, 1, 0, 1, 1, 2, 1, 1, 0, 1, 2, 1, 1, 1, 2, 1, 0, 1, 2, 1, 0, 1, 2, 1, 1, 1, 1, 2, 1, 0, 1, 2, 1, 1, 1, 2, 1, 0, 1, 1, 2, 1, 1, 1, 2, 1, 1, 2, 1, 0, 1, 2, 1, 1, 2, 1, 0, 1, 2, 1, 1, 1, 2, 1, 0, 1, 2, 2, 1, 0, 1, 1, 2, 2, 1, 0, 1, 2, 1, 1, 1, 2, 2, 1, 0, 1, 1, 2, 1, 1, 1, 2, 1, 0, 1, 2, 1, 2, 1, 1, 2, 1, 1, 1, 2, 2, 1, 0, 1, 1, 2, 1, 1, 2, 1, 2, 1, 0, 1, 2, 2, 1, 1, 0, 1, 2, 2, 1, 1, 1, 2, 1, 0, 0, 1, 0, 0, 1, 0, 0, 0, 0, 3, 0, 3, 0, 3, 0, 0, 3, 3, 0, 3, 0, 0, 0, 0, 3, 0, 1, 0, 0, 1, 0, 0, 1, 0, 1, 0, 1, 0, 3, 3, 3, 0, 3, 0, 3, 0, 3, 3, 0, 0, 3, 2, 3, 0, 3, 0, 3, 3, 0, 0, 3, 3, 2, 3, 0, 0, 3, 0, 3, 3, 0, 3, 0, 3, 3, 3, 0, 3, 0, 3, 2, 3, 0, 3, 0, 0, 3, 3, 3, 0, 0, 3, 2, 3, 0, 3, 0, 3, 3, 3, 0, 3, 0, 3, 0, 3, 0, 3, 3, 3, 0, 3, 0, 3, 3, 3, 0, 3, 0, 3, 3, 3, 0, 3, 0, 3, 3, 3, 0, 3, 0, 3, 2, 3, 0, 0, 3, 2, 3, 3, 0, 0, 3, 2, 3, 0, 3, 3, 3, 0, 3, 2, 3, 0, 3, 3, 0, 3, 2, 3, 0, 3, 3, 3, 3, 3, 0, 3, 2, 3, 3, 0, 3, 2, 3, 3, 0, 3, 2, 3, 3, 2, 3, 2, 3, 0, 3, 2, 3, 2, 3, 0, 3, 0, 3, 3, 0, 3, 0, 1, 1, 0, 0, 1, 0, 0, 1, 2, 1, 0, 1, 0, 1, 1, 1, 1, 1, 0, 1, 2, 1, 1, 0, 1, 2, 1, 0, 1, 1, 2, 1, 1, 1, 1, 1, 2, 1, 1, 0, 1, 2, 2, 1, 0, 1, 1, 2, 1, 1, 2, 1, 1, 1, 2, 2, 1, 0, 1, 1, 2, 2, 1, 0, 1, 1, 2, 2, 1, 1, 1, 2, 1, 1, 2, 1, 1, 1, 2, 2, 1, 1, 0, 1, 2, 2, 1, 2, 1, 1, 1, 2, 1, 2, 1, 2, 1, 0, 1, 2, 1, 2, 1, 1, 2, 2, 1, 1, 1, 2, 1, 1, 2, 2, 1, 0, 1, 1, 2, 2, 1, 2, 1, 1, 1, 2, 1, 2, 1, 1, 2, 1, 1, 1, 2, 1, 2, 2, 1, 1, 2, 1, 2, 1, 1, 2, 1, 1, 1, 2, 2, 1, 2, 1, 1, 2, 1, 1, 0, 1, 0, 1, 0, 1, 0, 1, 1, 1, 2, 1, 1, 0, 1, 2, 1, 0, 1, 1, 2, 2, 1, 2, 1, 1, 0, 3, 0, 1, 0, 1, 0, 0, 1, 0, 0, 1, 0, 0, 1, 0, 0, 0, 1, 1, 0, 3, 0, 1, 0, 1, 0, 0, 0, 1, 0, 1, 0, 0, 0, 1, 0, 1, 0, 1, 0, 3, 0, 1, 0, 0, 0, 1, 1, 0, 0, 1, 0, 3, 0, 1, 0, 1, 0, 1, 0, 1, 0, 3, 0, 1, 0, 1, 0, 3, 0, 1, 1, 0, 0, 1, 0, 1, 0, 0, 0, 1, 0, 1, 0, 1, 0, 1, 0, 0, 1, 1, 0, 0, 1, 0, 0, 1, 1, 0, 0, 1, 1, 0, 0, 1, 0, 1, 0, 1, 1, 0, 1, 0, 1, 0, 0, 1, 0, 1, 2, 1, 0, 0, 1, 1, 0, 1, 0, 1, 1, 0, 1, 0, 1, 1, 1, 0, 0, 1, 2, 1, 0, 0, 1, 2, 1, 1, 0, 1, 2, 2, 1, 0, 1, 1, 2, 2, 1, 2, 2, 3, 2, 3, 3, 2, 3, 3, 2, 3, 3, 3, 2, 3, 3, 2, 3, 3, 3, 2, 3, 2, 3, 0, 3, 2, 2, 3, 3, 2, 3, 2, 3, 2, 3, 3, 2, 3, 2, 3, 2, 3, 2, 2, 3, 0, 3, 2, 3, 2, 2, 3, 2, 3, 2, 3, 2, 3, 2, 3, 2, 1, 2, 3, 2, 3, 2, 3, 2, 3, 2, 2, 3, 2, 1, 2, 3, 3, 2, 2, 3, 2, 2, 2, 3, 3, 2, 2, 3, 2, 2, 3, 2, 1, 2, 3, 2, 3, 2, 2, 2, 3, 2, 3, 2, 3, 2, 2, 3, 2, 2, 2, 2, 3, 2, 3, 2, 2, 2, 3, 2, 3, 2, 2, 2, 3, 2, 2, 3, 2, 2, 3, 2, 2, 2, 3, 3, 2, 2, 3, 2, 1, 2, 1, 2, 1, 2, 1, 1, 2, 2, 2, 1, 1, 2, 3, 2, 1, 2, 2, 3, 2, 1, 2, 3, 2, 3, 2, 3, 2, 1, 2, 2, 2, 2, 2, 1, 2, 1, 2, 1, 1, 0, 0, 1, 1, 0, 0, 1, 0, 1, 0, 0, 1, 0, 0, 1, 0, 1, 0, 1, 0, 0, 1, 1, 0, 0, 1, 0, 1, 0, 1, 0, 1, 0, 0, 1, 1, 0, 0, 1, 0, 0, 1, 1, 1, 0, 1, 0, 1, 0, 0, 1, 1, 0, 0, 1, 0, 1, 1, 0, 1, 0, 0, 1, 1, 0, 1, 1, 0, 1, 0, 0, 1, 1, 0, 1, 0, 1, 1, 0, 0, 1, 0, 0, 1, 1, 1, 0, 1, 0, 1, 0, 0, 1, 1, 0, 1, 0, 1, 1, 0, 0, 1, 1, 0, 1, 0, 1, 2, 1, 0, 0, 1, 0, 1, 1, 0, 1, 0, 1, 1, 0, 1, 0, 1, 0, 1, 1, 0, 1, 0, 1, 0, 1, 1, 0, 1, 0, 1, 1, 0, 1, 0, 1, 1, 0, 1, 0, 1, 1, 0, 1, 1, 0, 1, 0, 0, 1, 2, 1, 0, 1, 1, 0, 1, 0, 1, 2, 1, 0, 0, 1, 0, 1, 2, 1, 0, 0, 1, 1, 0, 1, 0, 1, 1, 0, 1, 0, 1, 2, 1, 0, 1, 0, 1, 1, 0, 1, 0, 1, 1, 1, 0, 0, 1, 2, 1, 0, 0, 1, 2, 1, 0, 1, 0, 1, 1, 0, 1, 1, 0, 1, 1, 0, 1, 2, 1, 0, 0, 1, 2, 1, 0, 1, 0, 0, 1, 2, 1, 1, 0, 0, 1, 1, 1, 0, 0, 1, 2, 1, 0, 1, 2, 1, 0, 1, 0, 1, 2, 1, 0, 1, 0, 1, 1, 0, 1, 1, 2, 1, 0, 0, 1, 2, 1, 0, 0, 1, 1, 2, 1, 0, 1, 0, 1, 1, 0, 1, 1, 2, 1, 0, 1, 1, 1, 0, 1, 2, 1, 0, 1, 0, 1, 2, 1, 0, 1, 1, 0, 1, 1, 2, 1, 0, 1, 0, 1, 1, 2, 1, 0, 1, 1, 0, 1, 1, 2, 1, 0, 1, 1, 0, 1, 1, 1, 1, 0, 0, 1, 2, 1, 1, 0, 1, 2, 1, 0, 1, 2, 1, 0, 1, 0, 1, 2, 1, 0, 1, 1, 1, 1, 1, 1, 0, 1, 1, 1, 1, 2, 1, 0, 0, 1, 1, 2, 1, 0, 1, 2, 1, 1, 0, 1, 1, 2, 1, 0, 1, 2, 1, 0, 1, 1, 2, 1, 0, 1, 1, 1, 1, 1, 2, 1, 0, 1, 1, 1, 1, 1, 1, 2, 1, 1, 1, 1, 1, 0, 1, 2, 2, 1, 0, 1, 1, 1, 2, 1, 2, 1, 0, 1, 2, 1, 2, 1, 1, 1, 1, 2, 1, 1, 1, 2, 1, 2, 1, 0, 1, 2, 1, 1, 2, 1, 1, 1, 2, 1, 1, 2, 2, 1, 1, 2, 1, 1, 1, 2, 2, 1, 2, 1, 1, 2, 1, 2, 1, 2, 1, 2, 2, 1, 2, 2, 3, 2, 1, 2, 2, 2, 1, 2, 2, 2, 2, 3, 2, 2, 1, 2, 2, 2, 1, 2, 3, 2, 2, 3, 2, 2, 2, 2, 3, 2, 1, 2, 3, 3, 2, 1, 2, 3, 2, 2, 3, 2, 2, 2, 3, 2, 2, 3, 2, 2, 2, 3, 2, 3, 2, 2, 2, 3, 2, 2, 2, 3, 2, 3, 2, 1, 2, 3, 3, 2, 2, 3, 3, 2, 2, 3, 2, 2, 3, 3, 2, 2, 3, 2, 3, 2, 3, 2, 3, 2, 2, 3, 2, 2, 3, 2, 2, 3, 3, 2, 1, 2, 3, 2, 3, 2, 2, 2, 2, 2, 3, 3, 2, 2, 3, 2, 1, 2, 3, 2, 3, 2, 2, 3, 2, 2, 3, 2, 3, 2, 3, 2, 2, 2, 3, 2, 3, 2, 2, 2, 3, 2, 2, 2, 3, 3, 2, 2, 2, 3, 2, 2, 2, 2, 3, 2, 2, 3, 2, 3, 2, 2, 2, 3, 2, 3, 2, 3, 2, 3, 2, 1, 2, 3, 2, 3, 2, 2, 3, 2, 2, 2, 3, 2, 2, 2, 3, 2, 1, 2, 3, 2, 2, 3, 2, 2, 3, 2, 3, 2, 2, 3, 2, 2, 3, 2, 3, 2, 1, 2, 3, 2, 3, 2, 3, 2, 2, 3, 3, 2, 2, 3, 2, 3, 2, 3, 2, 2, 2, 3, 2, 3, 2, 3, 2, 2, 3, 3, 2, 2, 3, 2, 3, 2, 3, 2, 3, 2, 2, 3, 2, 3, 3, 3, 2, 2, 3, 3, 3, 2, 2, 3, 3, 3, 2, 2, 3, 3, 3, 3, 2, 3, 3, 2, 3, 3, 3, 2, 3, 0, 3, 2, 2, 3, 3, 0, 3, 2, 3, 2, 1, 2, 1, 2, 1, 2, 2, 1, 1, 2, 2, 1, 1, 2, 3, 2, 1, 1, 2, 2, 1, 2, 1, 2, 2, 1, 2, 2, 2, 2, 1, 2, 2, 2, 2, 1, 2, 2, 2, 2, 2, 1, 2, 2, 2, 2, 2, 2, 2, 2, 1, 2, 3, 2, 2, 1, 1, 2, 3, 2, 1, 2, 2, 2, 1, 2, 2, 2, 1, 2, 3, 2, 2, 1, 2, 2, 3, 2, 1, 2, 3, 2, 2, 2, 3, 2, 1, 2, 3, 3, 2, 2, 3, 2, 2, 2, 3, 3, 2, 2, 2, 3, 2, 1, 2, 2, 1, 2, 3, 2, 2, 1, 2, 2, 2, 2, 1, 2, 3, 2, 2, 1, 2, 2, 3, 2, 2, 2, 1, 2, 3, 3, 2, 2, 3, 3, 2, 2, 3, 2, 3, 2, 3, 3, 2, 3, 2, 3, 3, 2, 2, 3, 3, 2, 1, 2, 3, 2, 2, 2, 2, 3, 2, 2, 1, 2, 3, 2, 1, 2, 2, 2, 2, 3, 2, 3, 2, 3, 2, 2, 3, 3, 2, 3, 3, 3, 2, 3, 2, 2, 3, 0, 3, 3, 0, 3, 3, 3, 3, 0, 3, 2, 3, 0, 3, 2, 3, 2, 3, 0, 3, 2, 2, 3, 3, 2, 1, 2, 3, 2, 3, 2, 2, 3, 2, 2, 3, 2, 2, 3, 2, 3, 3, 2, 3, 3, 3, 3, 2, 3, 3, 3, 3, 0, 3, 2, 3, 0, 3, 3, 2, 3, 0, 3, 2, 3, 3, 3, 3, 2, 3, 2, 2, 3, 2, 3, 2, 3, 2, 3, 2, 2, 3, 3, 2, 2, 3, 3, 3, 2, 3, 3, 3, 2, 3, 0, 3, 3, 3, 3, 3, 3, 3, 2, 3, 0, 0, 3, 2, 2, 3, 3, 3, 3, 2, 3, 3, 2, 3, 3, 2, 3, 3, 3, 3, 2, 2, 3, 0, 3, 3, 2, 3, 0, 3, 0, 3, 3, 3, 0, 3, 3, 0, 3, 2, 3, 0, 3, 3, 3, 0, 3, 0, 3, 0, 3, 0, 3, 2, 3, 0, 0, 3, 3, 2, 3, 0, 0, 3, 3, 3, 0, 0, 3, 3, 0, 0, 3, 0, 3, 3, 0, 3, 0, 3, 3, 0, 1, 0, 3, 0, 3, 3, 0, 0, 0, 3, 0, 0, 3, 0, 1, 0, 3, 3, 0, 0, 0, 3, 0, 3, 0, 1, 0, 3, 0, 0, 0, 3, 0, 0, 1, 0, 3, 0, 0, 3, 0, 1, 0, 3, 3, 0, 0, 3, 0, 3, 0, 3, 3, 0, 0, 0, 0, 3, 0, 0, 3, 0, 3, 0, 0, 1, 0, 0, 0, 3, 3, 0, 0, 1, 0, 3, 3, 0, 3, 0, 0, 1, 0, 3, 3, 0, 0, 1, 0, 3, 0, 1, 0, 0, 3, 3, 0, 1, 0, 3, 0, 0, 0, 0, 3, 3, 3, 0, 0, 1, 0, 3, 0, 1, 0, 3, 0, 0, 3, 2, 2, 2, 2, 2, 3, 2, 2, 2, 2, 3, 2, 1, 2, 3, 2, 3, 2, 2, 2, 3, 2, 3, 2, 3, 2, 2, 3, 2, 3, 2, 3, 2, 3, 0, 3, 0, 3, 0, 0, 3, 3, 0, 3, 0, 3, 3, 0, 3, 0, 0, 0, 3, 3, 0, 3, 2, 2, 3, 2, 2, 2, 3, 2, 1, 1, 2, 3, 2, 1, 2, 2, 1, 1, 1, 2, 3, 2, 3, 2, 1, 1, 2, 2, 3, 2, 1, 2, 1, 2, 3, 2, 2, 3, 2, 1, 2, 1, 2, 3, 3, 2, 1, 2, 2, 1, 2, 3, 2, 2, 3, 2, 1, 2, 2, 2, 2, 1, 2, 2, 1, 1, 2, 3, 2, 3, 2, 2, 2, 3, 2, 2, 1, 2, 3, 2, 1, 2, 2, 1, 2, 2, 3, 2, 1, 2, 2, 1, 2, 2, 2, 2, 2, 1, 2, 3, 2, 2, 1, 2, 2, 2, 1, 2, 3, 2, 1, 2, 2, 3, 2, 1, 2, 3, 2, 3, 2, 1, 2, 3, 3, 2, 2, 3, 2, 1, 2, 3, 2, 3, 2, 3, 2, 3, 2, 2, 3, 3, 2, 3, 3, 2, 3, 2, 1, 2, 3, 2, 2, 2, 3, 2, 2, 3, 2, 2, 3, 2, 3, 2, 3, 2, 3, 2, 2, 3, 2, 3, 2, 3, 0, 3, 3, 2, 2, 3, 0, 3, 2, 3, 3, 0, 3, 3, 2, 3, 0, 0, 3, 2, 3, 0, 0, 3, 2, 3, 3, 3, 2, 3, 2, 2, 3, 3, 2, 2, 3, 3, 2, 3, 2, 3, 0, 3, 2, 3, 2, 3, 0, 3, 3, 2, 3, 0, 0, 3, 2, 3, 0, 3, 0, 3, 0, 3, 0, 3, 3, 3, 0, 3, 2, 3, 0, 3, 3, 2, 3, 3, 3, 2, 3, 3, 2, 2, 3, 2, 3, 0, 3, 2, 2, 3, 2, 3, 3, 2, 3, 3, 0, 3, 2, 2, 3, 0, 0, 3, 2, 3, 3, 3, 0, 3, 0, 3, 0, 3, 3, 0, 0, 0, 3, 0, 3, 2, 3, 0, 0, 3, 3, 3, 3, 3, 2, 3, 3, 2, 3, 3, 2, 2, 3, 2, 3, 2, 3, 3, 2, 3, 0, 3, 2, 2, 3, 3, 0, 3, 2, 3, 0, 3, 0, 3, 2, 3, 0, 3, 0, 3, 3, 0, 0, 3, 0, 3, 0, 1, 0, 3, 3, 0, 0, 0, 3, 0, 3, 0, 3, 0, 0, 3, 3, 0, 3, 3, 2, 3, 0, 0, 3, 2, 3, 3, 3, 0, 3, 3, 3, 0, 3, 3, 3, 0, 3, 0, 0, 3, 3, 0, 0, 3, 0, 0, 0, 3, 0, 3, 0, 0, 3, 0, 0, 1, 0, 3, 3, 0, 0, 0, 3, 0, 3, 0, 3, 3, 0, 0, 3, 3, 3, 0, 3, 0, 3, 0, 3, 3, 0, 3, 0, 3, 0, 0, 3, 0, 3, 0, 0, 3, 0, 0, 3, 0, 0, 0, 0, 3, 0, 1, 0, 3, 0, 0, 1, 0, 0, 3, 0, 0, 0, 3, 0, 3, 0, 1, 0, 3, 0, 3, 3, 0, 1, 0, 3, 0, 0, 3, 0, 0, 0, 0, 3, 3, 0, 1, 0, 3, 0, 3, 0, 0, 0, 0, 0, 3, 0, 1, 0, 0, 0, 0, 0, 0, 1, 0, 3, 0, 1, 0, 0, 1, 0, 0, 0, 1, 0, 0, 3, 3, 2, 3, 3, 3, 3, 2, 3, 3, 3, 3, 2, 3, 0, 3, 2, 3, 2, 3, 0, 3, 3, 2, 3, 0, 3, 3, 3, 3, 3, 0, 3, 2, 3, 3, 0, 3, 2, 3, 3, 0, 3, 3, 0, 3, 3, 0, 3, 3, 3, 0, 3, 0, 3, 2, 3, 0, 3, 0, 3, 3, 0, 3, 3, 0, 3, 0, 3, 0, 3, 3, 0, 3, 3, 3, 0, 0, 3, 2, 3, 0, 0, 3, 2, 3, 3, 0, 0, 3, 2, 3, 3, 0, 0, 3, 3, 3, 0, 3, 3, 0, 0, 3, 3, 0, 3, 0, 3, 3, 0, 3, 0, 3, 0, 3, 0, 3, 0, 3, 0, 0, 0, 3, 0, 3, 0, 3, 2, 3, 0, 3, 0, 3, 2, 3, 0, 0, 3, 3, 0, 3, 0, 3, 0, 3, 0, 3, 3, 0, 3, 0, 0, 3, 3, 0, 0, 3, 0, 0, 3, 0, 3, 3, 0, 3, 3, 0, 0, 3, 3, 0, 3, 0, 3, 3, 0, 3, 0, 3, 0, 3, 0, 3, 3, 3, 0, 0, 3, 3, 0, 0, 3, 0, 3, 0, 3, 3, 0, 0, 3, 3, 0, 3, 0, 3, 3, 0, 3, 3, 3, 0, 3, 2, 3, 0, 3, 0, 3, 3, 3, 0, 3, 0, 3, 0, 3, 2, 3, 0, 3, 0, 3, 3, 3, 0, 3, 0, 3, 3, 0, 3, 3, 0, 0, 3, 3, 3, 0, 3, 3, 3, 0, 0, 3, 3, 0, 3, 0, 0, 3, 3, 0, 3, 0, 1, 0, 3, 3, 0, 3, 0, 3, 0, 0, 3, 0, 3, 0, 3, 0, 0, 0, 3, 3, 0, 1, 0, 3, 0, 3, 0, 0, 0, 3]
BWT          : [1, 0, 3, 0, 3, 0, 3, 3, 1, 3, 3, 1, 1, 1, 1, 1, 0, 1, 1, 1, 3, 3, 0, 0, 0, 3, 0, 3, 3, 3, 0, 3, 3, 3, 3, 1, 0, 3, 3, 0, 1, 1, 3, 1, 3, 1, 1, 1, 1, 1, 1, 1, 1, 1, 3, 0, 1, 0, 1, 1, 1, 0, 1, 1, 0, 1, 1, 0, 1, 1, 1, 1, 3, 0, 3, 0, 1, 3, 3, 3, 3, 1, 1, 1, 1, 1, 1, 0, 1, 1, 1, 1, 1, 1, 1, 1, 0, 1, 1, 1, 1, 1, 1, 1, 1, 1, 1, 1, 1, 1, 1, 1, 1, 1, 1, 3, 3, 3, 1, 1, 0, 3, 3, 0, 0, 3, 0, 0, 0, 0, 3, 3, 3, 0, 3, 0, 0, 3, 3, 0, 0, 0, 3, 3, 0, 0, 3, 3, 3, 3, 3, 3, 3, 3, 3, 3, 3, 3, 3, 3, 3, 3, 3, 0, 3, 3, 3, 3, 1, 0, 0, 3, 3, 3, 3, 3, 3, 3, 3, 0, 3, 3, 3, 1, 0, 3, 3, 3, 3, 3, 3, 3, 0, 0, 1, 1, 1, 1, 0, 3, 0, 0, 0, 3, 0, 0, 1, 1, 3, 0, 1, 0, 1, 1, 1, 1, 1, 0, 1, 1, 1, 1, 0, 0, 1, 0, 1, 1, 1, 0, 3, 3, 0, 3, 0, 0, 3, 3, 0, 1, 1, 1, 1, 1, 1, 1, 1, 1, 1, 0, 1, 1, 0, 1, 1, 1, 0, 0, 1, 1, 1, 0, 3, 1, 0, 1, 0, 0, 1, 1, 1, 1, 1, 1, 1, 3, 0, 1, 1, 1, 0, 1, 1, 1, 1, 0, 1, 1, 1, 1, 1, 1, 1, 1, 1, 1, 1, 1, 1, 1, 1, 1, 1, 1, 1, 1, 1, 1, 1, 0, 0, 1, 1, 1, 1, 1, 1, 1, 1, 1, 1, 1, 3, 3, 3, 3, 0, 3, 1, 0, 0, 0, 0, 1, 0, 1, 1, 3, 3, 3, 3, 3, 3, 0, 0, 3, 0, 3, 1, 0, 0, 1, 3, 3, 0, 3, 0, 0, 0, 0, 0, 1, 1, 1, 1, 1, 0, 1, 1, 1, 0, 0, 1, 1, 1, 0, 0, 1, 1, 1, 1, 1, 1, 1, 0, 1, 1, 0, 1, 1, 1, 1, 1, 1, 1, 1, 1, 1, 1, 1, 1, 1, 1, 1, 1, 0, 1, 1, 0, 0, 0, 1, 1, 1, 1, 1, 1, 1, 1, 1, 1, 1, 1, 1, 1, 1, 1, 1, 1, 1, 1, 0, 1, 1, 1, 1, 1, 1, 1, 1, 1, 0, 1, 1, 1, 1, 1, 1, 1, 1, 1, 1, 1, 1, 1, 1, 1, 1, 1, 1, 1, 0, 1, 0, 0, 0, 0, 1, 0, 1, 0, 1, 1, 1, 1, 0, 1, 1, 1, 1, 1, 1, 1, 0, 1, 1, 1, 0, 1, 1, 1, 1, 1, 1, 1, 1, 0, 1, 1, 1, 1, 1, 1, 1, 0, 1, 1, 1, 1, 1, 1, 1, 1, 1, 1, 0, 1, 1, 1, 1, 1, 1, 1, 1, 1, 1, 1, 1, 3, 3, 0, 0, 1, 1, 3, 0, 0, 3, 3, 3, 0, 3, 1, 0, 0, 3, 0, 1, 3, 3, 0, 1, 0, 3, 3, 0, 1, 3, 3, 3, 3, 3, 3, 3, 0, 1, 1, 0, 0, 1, 1, 1, 1, 1, 1, 3, 0, 1, 3, 0, 3, 0, 3, 3, 1, 1, 1, 1, 3, 3, 0, 0, 0, 3, 3, 3, 3, 3, 0, 0, 0, 3, 0, 0, 0, 3, 3, 3, 3, 3, 3, 3, 3, 0, 3, 0, 3, 3, 0, 0, 3, 3, 3, 3, 3, 3, 3, 3, 3, 0, 3, 3, 3, 3, 3, 3, 1, 3, 3, 3, 3, 3, 3, 1, 3, 3, 3, 3, 3, 3, 3, 0, 0, 0, 3, 3, 3, 3, 3, 3, 3, 3, 3, 3, 3, 3, 3, 3, 3, 0, 3, 3, 3, 3, 3, 3, 3, 0, 3, 0, 0, 3, 3, 3, 3, 0, 3, 3, 3, 0, 3, 0, 3, 3, 3, 3, 3, 3, 3, 0, 3, 3, 3, 3, 3, 3, 3, 0, 0, 0, 3, 3, 3, 3, 3, 3, 0, 0, 0, 3, 3, 3, 1, 1, 1, 3, 1, 0, 0, 0, 3, 1, 0, 0, 3, 3, 3, 3, 3, 3, 3, 0, 3, 0, 0, 3, 0, 3, 1, 3, 0, 0, 3, 3, 1, 3, 0, 3, 3, 3, 0, 0, 0, 0, 3, 0, 3, 3, 3, 3, 3, 3, 0, 3, 3, 3, 3, 3, 0, 3, 3, 3, 0, 3, 3, 3, 3, 0, 0, 3, 0, 3, 0, 3, 3, 3, 3, 3, 1, 0, 3, 3, 3, 3, 3, 3, 3, 3, 3, 3, 0, 3, 0, 3, 3, 3, 3, 0, 3, 0, 0, 0, 0, 0, 0, 0, 0, 0, 0, 0, 0, 0, 0, 2, 0, 0, 0, 0, 1, 1, 1, 1, 1, 1, 1, 0, 1, 0, 0, 1, 1, 2, 0, 2, 1, 0, 0, 1, 0, 1, 0, 0, 0, 0, 0, 2, 2, 1, 0, 1, 0, 0, 2, 2, 2, 1, 1, 2, 0, 2, 0, 0, 1, 0, 1, 2, 0, 0, 0, 0, 0, 0, 0, 0, 0, 0, 0, 0, 0, 0, 0, 0, 0, 0, 1, 0, 1, 0, 1, 2, 0, 0, 1, 0, 0, 0, 1, 0, 1, 0, 0, 0, 0, 0, 0, 1, 0, 1, 0, 1, 0, 1, 2, 1, 1, 0, 0, 0, 0, 1, 1, 0, 1, 0, 0, 0, 1, 1, 0, 2, 1, 1, 1, 1, 1, 2, 1, 2, 2, 1, 1, 1, 1, 2, 0, 2, 1, 1, 1, 2, 1, 2, 2, 1, 2, 2, 2, 1, 2, 0, 0, 0, 0, 0, 0, 0, 1, 0, 1, 0, 0, 0, 0, 0, 0, 0, 0, 0, 1, 0, 0, 1, 2, 2, 0, 0, 0, 0, 0, 1, 1, 0, 1, 2, 0, 2, 2, 1, 0, 1, 1, 2, 0, 0, 0, 1, 1, 2, 1, 0, 0, 2, 1, 2, 2, 2, 1, 2, 2, 1, 2, 0, 2, 1, 1, 1, 1, 0, 1, 1, 2, 1, 1, 1, 2, 2, 2, 2, 2, 2, 2, 2, 2, 2, 2, 2, 2, 2, 0, 0, 0, 0, 1, 0, 0, 2, 1, 2, 0, 0, 0, 1, 2, 2, 1, 1, 1, 1, 2, 0, 1, 0, 0, 1, 2, 1, 1, 1, 2, 0, 2, 1, 1, 2, 0, 2, 2, 1, 2, 2, 1, 1, 2, 2, 2, 2, 2, 1, 1, 0, 1, 2, 1, 2, 1, 1, 0, 0, 0, 0, 0, 0, 0, 0, 0, 1, 0, 1, 0, 0, 0, 0, 0, 0, 0, 0, 0, 0, 0, 0, 0, 0, 0, 0, 0, 0, 0, 0, 0, 0, 0, 0, 0, 0, 0, 0, 2, 0, 0, 2, 1, 1, 1, 1, 0, 0, 0, 0, 1, 1, 1, 0, 2, 0, 0, 0, 0, 0, 0, 0, 0, 0, 0, 0, 0, 0, 1, 0, 0, 0, 0, 0, 0, 0, 1, 1, 1, 0, 0, 0, 0, 2, 0, 0, 2, 0, 2, 0, 0, 0, 2, 1, 2, 0, 0, 2, 0, 0, 0, 2, 2, 1, 0, 1, 2, 2, 2, 2, 2, 0, 0, 2, 1, 2, 2, 2, 2, 2, 2, 2, 1, 2, 2, 2, 2, 0, 2, 0, 0, 0, 1, 0, 0, 0, 1, 2, 0, 0, 1, 1, 0, 1, 1, 0, 0, 1, 1, 1, 1, 1, 1, 0, 2, 0, 1, 0, 0, 0, 2, 0, 2, 1, 0, 1, 1, 0, 1, 2, 0, 1, 1, 2, 2, 1, 0, 1, 1, 2, 0, 2, 1, 1, 1, 2, 2, 1, 0, 1, 1, 1, 2, 2, 2, 2, 2, 0, 2, 2, 2, 2, 2, 2, 2, 2, 2, 2, 1, 1, 0, 0, 0, 0, 1, 2, 0, 0, 0, 0, 1, 0, 2, 0, 1, 1, 0, 1, 1, 0, 1, 1, 1, 2, 2, 1, 1, 2, 0, 1, 1, 0, 0, 1, 1, 0, 0, 0, 0, 2, 1, 2, 2, 2, 2, 2, 2, 1, 0, 1, 0, 1, 1, 1, 1, 2, 1, 2, 1, 2, 1, 1, 1, 1, 0, 2, 0, 1, 0, 2, 2, 2, 0, 0, 1, 1, 2, 0, 2, 2, 2, 2, 2, 2, 1, 2, 1, 0, 0, 0, 0, 0, 1, 1, 0, 0, 0, 0, 0, 0, 0, 0, 1, 0, 1, 0, 0, 0, 0, 1, 1, 1, 2, 0, 1, 0, 1, 1, 1, 0, 1, 1, 1, 1, 0, 0, 1, 0, 0, 1, 0, 0, 0, 1, 1, 1, 1, 0, 1, 1, 0, 1, 1, 1, 2, 2, 1, 2, 1, 2, 2, 0, 1, 0, 0, 0, 0, 1, 0, 1, 0, 0, 0, 1, 0, 0, 0, 0, 0, 0, 1, 0, 1, 0, 1, 0, 2, 0, 1, 1, 1, 0, 2, 0, 0, 1, 0, 1, 1, 1, 2, 2, 1, 0, 1, 1, 1, 1, 1, 0, 0, 0, 1, 2, 0, 2, 2, 1, 1, 2, 1, 2, 1, 2, 1, 2, 0, 1, 1, 2, 1, 2, 0, 1, 0, 1, 0, 2, 1, 2, 1, 2, 2, 1, 2, 2, 2, 2, 2, 0, 0, 0, 1, 0, 1, 1, 0, 1, 1, 0, 1, 0, 1, 0, 1, 1, 2, 1, 2, 2, 1, 2, 1, 1, 0, 1, 1, 1, 2, 2, 2, 2, 1, 2, 2, 1, 2, 2, 2, 2, 2, 2, 2, 2, 2, 2, 2, 2, 2, 2, 2, 1, 2, 2, 2, 2, 2, 2, 2, 1, 1, 2, 1, 2, 2, 1, 2, 2, 2, 2, 2, 2, 2, 2, 2, 2, 2, 2, 2, 1, 2, 2, 1, 2, 2, 2, 2, 2, 2, 2, 2, 2, 2, 2, 2, 2, 2, 2, 2, 1, 1, 1, 1, 1, 1, 1, 1, 1, 1, 1, 1, 1, 1, 1, 1, 1, 1, 1, 1, 1, 1, 1, 1, 1, 1, 1, 1, 1, 1, 1, 1, 1, 1, 1, 1, 1, 1, 1, 2, 2, 1, 1, 2, 1, 1, 2, 1, 2, 2, 2, 2, 2, 1, 2, 2, 1, 1, 1, 1, 1, 1, 1, 1, 1, 1, 1, 1, 2, 1, 1, 1, 1, 1, 1, 1, 1, 1, 1, 1, 1, 1, 1, 1, 1, 1, 1, 1, 1, 1, 1, 1, 1, 1, 1, 1, 1, 1, 1, 1, 1, 1, 2, 2, 1, 1, 1, 1, 1, 1, 1, 2, 1, 1, 1, 1, 1, 2, 2, 1, 1, 1, 1, 1, 1, 1, 1, 1, 1, 1, 2, 1, 1, 1, 1, 1, 1, 1, 1, 1, 1, 1, 2, 1, 2, 1, 1, 1, 1, 2, 3, 1, 3, 2, 3, 2, 2, 2, 1, 1, 1, 1, 1, 1, 2, 1, 2, 2, 2, 1, 1, 1, 2, 1, 1, 1, 2, 1, 3, 3, 1, 1, 2, 1, 3, 3, 3, 1, 1, 2, 1, 3, 3, 1, 3, 3, 3, 3, 2, 2, 2, 3, 2, 2, 2, 3, 2, 2, 2, 2, 3, 2, 2, 2, 3, 3, 2, 2, 2, 2, 2, 2, 2, 2, 2, 2, 3, 3, 3, 1, 2, 2, 3, 3, 3, 3, 3, 3, 3, 3, 3, 3, 3, 3, 3, 1, 3, 3, 3, 3, 3, 2, 1, 1, 1, 1, 1, 1, 1, 1, 1, 1, 1, 1, 1, 1, 1, 1, 1, 1, 1, 1, 1, 1, 3, 2, 1, 1, 1, 1, 1, 1, 2, 1, 2, 3, 2, 3, 1, 2, 3, 2, 1, 2, 2, 1, 1, 3, 3, 1, 3, 3, 2, 2, 2, 1, 2, 2, 1, 2, 2, 1, 2, 2, 1, 2, 2, 2, 1, 1, 2, 2, 1, 2, 1, 3, 2, 1, 1, 1, 2, 2, 2, 1, 1, 1, 2, 1, 2, 2, 1, 3, 3, 3, 3, 1, 3, 2, 3, 3, 1, 2, 3, 3, 3, 2, 2, 3, 2, 3, 2, 2, 3, 3, 3, 3, 3, 3, 3, 2, 3, 3, 3, 3, 2, 3, 3, 3, 2, 3, 3, 3, 3, 2, 3, 3, 3, 3, 3, 3, 2, 3, 1, 3, 1, 2, 1, 3, 1, 2, 1, 3, 2, 3, 1, 3, 2, 2, 3, 2, 2, 2, 1, 2, 3, 2, 3, 3, 2, 3, 3, 2, 3, 3, 2, 3, 3, 3, 2, 3, 2, 2, 3, 3, 3, 2, 3, 3, 3, 3, 3, 3, 3, 3, 2, 2, 2, 2, 2, 3, 3, 3, 3, 3, 2, 2, 2, 2, 3, 2, 3, 3, 3, 3, 3, 3, 3, 3, 1, 3, 3, 3, 3, 3, 3, 3, 2, 2, 2, 2, 2, 3, 3, 3, 3, 3, 3, 3, 3, 3, 3, 3, 3, 3, 3, 3, 3, 3, 3, 3, 3, 3, 3, 2, 3, 3, 3, 3, 3, 3, 3, 3, 3, 3, 3, 3, 3, 3, 3, 3, 3, 3, 3, 3, 3, 3, 3, 3, 2, 3, 3, 3, 3, 2, 3, 3, 2, 3, 3, 2, 3, 3, 3, 3, 3, 3, 3, 3, 1, 3, 2, 2, 3, 2, 2, 1, 2, 1, 2, 1, 2, 2, 3, 1, 1, 1, 2, 3, 2, 2, 2, 2, 3, 2, 2, 3, 3, 2, 2, 3, 2, 2, 3, 1, 1, 2, 1, 1, 1, 2, 2, 2, 3, 2, 2, 1, 2, 2, 2, 2, 1, 3, 2, 3, 3, 2, 3, 1, 2, 2, 3, 3, 3, 3, 3, 3, 2, 2, 2, 2, 3, 3, 1, 1, 2, 3, 1, 3, 3, 1, 2, 2, 2, 3, 3, 3, 1, 3, 2, 2, 2, 2, 2, 2, 3, 2, 3, 2, 3, 3, 2, 3, 2, 3, 2, 3, 3, 3, 3, 3, 3, 3, 2, 3, 3, 3, 3, 3, 3, 3, 1, 3, 3, 2, 3, 1, 2, 1, 1, 2, 2, 2, 3, 2, 1, 1, 3, 2, 3, 3, 3, 1, 1, 3, 2, 1, 3, 3, 3, 3, 3, 3, 3, 3, 3, 2, 1, 3, 3, 2, 2, 3, 3, 2, 3, 3, 2, 3, 1, 2, 3, 3, 2, 2, 2, 3, 1, 2, 2, 2, 2, 1, 2, 2, 3, 2, 3, 3, 3, 3, 2, 2, 2, 2, 3, 3, 3, 3, 2, 2, 3, 3, 3, 3, 3, 1, 2, 1, 2, 2, 2, 2, 2, 2, 1, 1, 1, 2, 2, 3, 2, 2, 2, 3, 2, 3, 1, 1, 2, 2, 3, 3, 3, 2, 3, 2, 3, 3, 3, 2, 3, 3, 3, 2, 3, 3, 3, 3, 3, 3, 3, 2, 2, 3, 3, 3, 3, 3, 3, 3, 2, 3, 3, 3, 3, 2, 2, 3, 3, 0, 3, 0, 0, 0, 0, 0, 3, 0, 0, 3, 0, 3, 0, 3, 3, 0, 0, 0, 0, 0, 0, 3, 3, 0, 0, 3, 0, 0, 3, 0, 0, 3, 0, 0, 0, 0, 3, 0, 3, 3, 3, 2, 0, 0, 2, 3, 2, 2, 3, 3, 3, 2, 2, 3, 2, 2, 2, 0, 0, 3, 3, 0, 3, 0, 2, 0, 3, 3, 3, 0, 3, 2, 0, 2, 3, 3, 3, 2, 0, 0, 0, 0, 0, 0, 0, 0, 0, 0, 0, 3, 0, 0, 3, 0, 3, 3, 3, 0, 0, 0, 0, 0, 0, 0, 0, 0, 3, 0, 0, 0, 3, 0, 3, 0, 0, 0, 0, 3, 3, 0, 3, 0, 0, 2, 0, 0, 0, 3, 3, 0, 0, 3, 3, 0, 2, 0, 0, 0, 3, 3, 3, 3, 3, 2, 0, 3, 3, 3, 0, 3, 3, 0, 0, 0, 3, 2, 0, 3, 0, 2, 3, 0, 0, 0, 2, 0, 0, 2, 0, 3, 3, 0, 2, 0, 3, 3, 3, 2, 0, 3, 0, 2, 2, 3, 3, 2, 3, 3, 0, 0, 2, 3, 3, 2, 2, 2, 2, 2, 0, 0, 0, 0, 0, 0, 3, 0, 0, 3, 0, 3, 3, 3, 3, 3, 3, 3, 2, 2, 2, 2, 2, 3, 3, 3, 3, 2, 3, 2, 0, 0, 0, 0, 0, 3, 3, 0, 0, 0, 3, 0, 0, 0, 0, 0, 0, 0, 0, 3, 0, 0, 3, 2, 0, 0, 0, 3, 0, 3, 0, 2, 2, 3, 2, 3, 2, 2, 2, 2, 3, 0, 3, 3, 2, 0, 0, 0, 0, 3, 0, 0, 0, 0, 3, 2, 0, 0, 3, 3, 2, 2, 2, 2, 2, 2, 2, 2, 2, 2, 2, 2, 2, 2, 3, 2, 2, 2, 2, 2, 2, 2, 3, 2, 2, 3, 2, 2, 3, 2, 2, 2, 3, 2, 2, 2, 2, 2, 2, 2, 2, 2, 2, 2, 2, 2, 2, 2, 2, 2, 2, 2, 0, 2, 2, 2, 2, 2, 2, 2, 3, 2, 2, 2, 3, 2, 2, 2, 2, 2, 2, 2, 2, 2, 2, 2, 2, 2, 2, 2, 2, 2, 2, 0, 2, 3, 2, 3, 3, 2, 2, 2, 3, 3, 2, 2, 2, 0, 2, 2, 2, 3, 2, 3, 3, 2, 2, 2, 2, 2, 2, 2, 2, 2, 3, 3, 2, 2, 2, 2, 2, 3, 2, 3, 2, 3, 2, 2, 3, 3, 0, 2, 2, 0, 0, 3, 2, 0, 3, 2, 2, 2, 3, 2, 2, 3, 0, 2, 2, 3, 3, 3, 0, 3, 3, 3, 3, 3, 0, 0, 3, 0, 0, 0, 3, 0, 0, 2, 0, 0, 0, 0, 0, 2, 0, 0, 0, 0, 3, 2, 3, 3, 2, 2, 2, 0, 2, 3, 3, 0, 2, 2, 0, 2, 0, 0, 0, 0, 3, 3, 2, 0, 2, 3, 2, 2, 2, 2, 2, 2, 2, 2, 2, 2, 2, 2, 2, 2, 2, 2, 2, 3, 2, 2, 2, 2, 2, 2, 2, 2, 2, 3, 0, 2, 2, 2, 3, 2, 2, 2, 2, 0, 0, 3, 3, 3, 2, 0, 0, 2, 2, 2, 2, 2, 2, 2, 2, 2, 2, 2, 2, 2, 2, 2, 2, 2, 2, 2, 2, 3, 2, 2, 2, 2, 2, 2, 2, 3, 3, 2, 2, 2, 0, 0, 0, 3, 0, 0, 0, 0, 0, 3, 3, 2, 2, 3, 0, 2, 2, 2, 3, 2, 3, 3, 3, 3, 3, 2, 0, 0, 2, 3, 3, 3, 0, 3, 3, 3, 3, 3, 3, 0, 3, 3, 0, 0, 0, 0, 0, 0, 0, 3, 0, 0, 0, 0, 0, 0, 0, 3, 0, 3, 2, 2, 3, 3, 3, 0, 0, 0, 0, 0, 2, 0, 0, 0, 0, 0, 0, 0, 0, 0, 3, 0, 0, 0, 0, 0, 0, 0, 3, 0, 0, 3, 3, 3, 3, 3, 0, 3, 3, 3, 0, 0, 0, 0, 3, 0, 3, 0, 3, 3, 2, 0, 2, 3, 3, 3, 3, 3, 0, 0, 2, 3, 3, 2, 2, 2, 3, 0, 0, 0, 3, 2, 0, 2, 0, 0, 3, 3, 0, 0, 3, 0, 2, 2, 2, 2, 2, 2, 2, 0, 3, 2, 2, 2, 2, 2, 2, 2, 2, 2, 2, 2, 2, 2, 2, 2, 2, 2, 3, 3, 2, 3, 0, 3, 0, 0, 0, 0, 0, 2, 3, 3, 0, 0, 3, 2, 3, 3, 3, 3, 2, 2, 2, 2, 2, 2, 3, 2, 2, 3, 3, 3, 3, 2, 2, 2, 3, 2, 2, 0, 2, 3, 2, 3, 2, 0, 0, 0, 0, 0, 0, 0, 0, 0, 0, 0, 2, 0, 0, 0, 0, 0, 0, 0, 0, 0, 0, 3, 0, 3, 0, 3, 3, 0, 0, 0, 0, 2, 3, 2, 2, 2, 3, 2, 3, 2, 2, 3, 2, 2, 2, 3, 3, 3, 2, 2, 3, 3, 0, 2, 3, 3, 2, 3, 2, 2, 3, 2, 2, 2, 2, 0, 0, 3, 0, 3, 0]  (index=230)
Round-trip   : lossless

MTFT         : 
Iteraciones usadas: 1
Entropía de salida: 1.3815 bits/símbolo
Round-trip   : lossless

[Compresores] (entrada: cadena post-MTFT, 3354 símbolos)
Algoritmo       Tamaño (bytes)  Tasa de compresión  
-------------- -------------- ------------------
Huffman         655             0.1953               lossless  
ZIP             952             0.2838               lossless  
Aritmético      580             0.1729               lossless  
PPM             1642            0.4896               lossless  
=======================================================
F8 - 2001 símbolos

-------------------------------------------------------
--- F8 ---
Longitud     : 2001
Original     : [5, 3, 4, 4, 3, 3, 4, 3, 4, 4, 3, 3, 3, 4, 3, 3, 2, 3, 5, 3, 2, 3, 4, 3, 2, 3, 3, 2, 3, 2, 2, 3, 3, 3, 2, 3, 3, 2, 2, 3, 3, 1, 3, 3, 3, 2, 2, 3, 3, 1, 3, 2, 2, 3, 2, 3, 3, 2, 3, 3, 3, 3, 3, 3, 3, 3, 2, 3, 3, 3, 3, 2, 3, 3, 2, 3, 3, 3, 2, 3, 3, 4, 3, 3, 3, 4, 3, 2, 3, 3, 3, 3, 2, 3, 2, 3, 3, 1, 3, 3, 3, 4, 4, 3, 3, 3, 3, 3, 2, 3, 3, 2, 3, 3, 3, 2, 2, 3, 3, 1, 3, 3, 1, 3, 2, 3, 3, 2, 3, 2, 3, 3, 3, 2, 3, 2, 3, 3, 1, 3, 3, 2, 2, 3, 2, 3, 2, 3, 2, 1, 3, 2, 1, 3, 2, 2, 2, 2, 3, 1, 2, 3, 1, 1, 3, 1, 2, 2, 2, 1, 2, 2, 2, 1, 2, 3, 4, 5, 4, 4, 5, 4, 5, 3, 5, 4, 4, 4, 4, 4, 5, 3, 4, 4, 4, 4, 3, 3, 4, 3, 4, 4, 4, 3, 4, 3, 4, 3, 3, 5, 3, 3, 4, 4, 3, 4, 5, 4, 3, 5, 3, 4, 4, 4, 3, 4, 3, 4, 3, 3, 4, 3, 3, 2, 3, 3, 3, 2, 2, 3, 3, 3, 3, 3, 4, 3, 3, 5, 4, 3, 4, 3, 3, 4, 4, 3, 3, 3, 4, 3, 2, 2, 3, 2, 2, 3, 2, 2, 1, 3, 2, 2, 3, 2, 3, 4, 3, 3, 3, 4, 3, 3, 5, 3, 3, 3, 3, 3, 1, 3, 3, 1, 3, 1, 1, 3, 1, 2, 1, 1, 0, 1, 2, 1, 2, 1, 2, 2, 2, 2, 3, 2, 3, 3, 4, 3, 3, 3, 3, 2, 2, 1, 3, 1, 3, 2, 1, 2, 1, 0, 1, 3, 1, 0, 1, 2, 1, 2, 2, 1, 2, 3, 1, 3, 2, 2, 3, 3, 3, 3, 1, 3, 2, 2, 3, 1, 1, 3, 1, 1, 1, 1, 1, 1, 1, 2, 2, 1, 3, 2, 3, 2, 2, 3, 2, 1, 2, 1, 2, 3, 1, 1, 0, 1, 1, 1, 1, 0, 1, 0, 1, 0, 0, 1, 7, 1, 1, 2, 1, 1, 1, 1, 1, 1, 7, 1, 0, 1, 0, 1, 1, 7, 1, 0, 7, 1, 7, 0, 0, 7, 0, 1, 7, 0, 0, 0, 0, 7, 0, 7, 1, 0, 7, 0, 7, 1, 7, 0, 1, 0, 0, 1, 0, 7, 0, 7, 0, 0, 0, 7, 1, 0, 1, 7, 0, 7, 1, 0, 7, 1, 0, 1, 7, 7, 1, 7, 7, 1, 7, 7, 0, 7, 0, 7, 1, 0, 0, 1, 7, 7, 0, 0, 7, 1, 3, 3, 3, 4, 3, 2, 3, 4, 4, 3, 2, 3, 3, 2, 3, 4, 3, 3, 1, 1, 1, 0, 1, 1, 1, 0, 0, 1, 1, 7, 1, 0, 0, 0, 1, 0, 0, 0, 0, 1, 3, 4, 3, 5, 3, 5, 3, 2, 3, 4, 4, 4, 3, 4, 3, 4, 5, 3, 5, 3, 3, 5, 4, 3, 2, 3, 5, 3, 3, 4, 4, 5, 4, 3, 3, 4, 3, 4, 4, 3, 3, 3, 3, 3, 3, 5, 3, 4, 3, 5, 4, 3, 4, 4, 3, 5, 3, 3, 4, 3, 3, 5, 3, 4, 3, 4, 3, 3, 3, 4, 3, 3, 2, 3, 3, 3, 3, 3, 2, 3, 2, 2, 3, 2, 3, 3, 3, 3, 2, 2, 3, 1, 3, 2, 3, 2, 2, 3, 3, 1, 2, 2, 1, 2, 2, 2, 1, 2, 1, 2, 1, 2, 2, 1, 1, 3, 2, 2, 2, 2, 2, 2, 2, 3, 1, 2, 2, 1, 2, 1, 1, 1, 1, 1, 1, 1, 0, 1, 1, 2, 2, 2, 1, 3, 1, 2, 3, 1, 3, 2, 2, 2, 1, 2, 2, 2, 1, 2, 1, 0, 1, 0, 1, 0, 1, 1, 7, 1, 1, 1, 3, 1, 1, 3, 1, 3, 2, 2, 2, 3, 2, 2, 1, 1, 2, 2, 1, 1, 1, 1, 1, 0, 0, 0, 7, 1, 7, 0, 1, 0, 0, 0, 1, 7, 1, 1, 1, 2, 1, 1, 2, 1, 1, 0, 1, 1, 1, 0, 0, 0, 1, 0, 7, 0, 1, 7, 0, 0, 0, 7, 0, 1, 7, 0, 7, 1, 0, 0, 1, 1, 0, 1, 0, 1, 0, 1, 0, 0, 1, 7, 1, 0, 7, 0, 1, 7, 0, 0, 7, 0, 0, 7, 0, 7, 0, 1, 7, 0, 0, 0, 0, 0, 0, 0, 7, 0, 0, 0, 0, 7, 0, 0, 0, 7, 0, 0, 0, 7, 0, 7, 7, 7, 7, 0, 7, 7, 7, 0, 7, 7, 7, 1, 1, 3, 1, 1, 3, 1, 2, 2, 1, 2, 1, 2, 2, 1, 1, 2, 1, 1, 2, 1, 1, 2, 2, 1, 0, 1, 1, 1, 1, 0, 1, 1, 1, 1, 1, 0, 0, 1, 1, 1, 0, 1, 1, 1, 1, 1, 7, 1, 1, 0, 1, 0, 1, 1, 0, 1, 0, 1, 7, 1, 0, 0, 1, 0, 0, 1, 0, 1, 1, 7, 1, 1, 1, 1, 0, 0, 1, 1, 0, 1, 0, 0, 0, 1, 0, 0, 1, 1, 0, 1, 0, 0, 1, 1, 0, 0, 1, 1, 1, 0, 1, 0, 1, 1, 7, 1, 0, 1, 1, 0, 0, 0, 1, 1, 7, 1, 1, 1, 0, 1, 0, 1, 1, 1, 1, 0, 1, 1, 1, 0, 1, 1, 1, 0, 1, 1, 0, 0, 1, 0, 0, 1, 1, 0, 0, 1, 0, 1, 0, 0, 1, 0, 1, 7, 1, 0, 1, 0, 0, 0, 1, 0, 1, 7, 0, 0, 7, 0, 1, 0, 0, 0, 7, 0, 0, 7, 1, 0, 7, 0, 7, 7, 7, 6, 7, 7, 7, 6, 7, 6, 7, 7, 7, 6, 6, 7, 6, 7, 5, 7, 7, 6, 6, 7, 6, 6, 6, 7, 7, 5, 7, 7, 6, 6, 5, 7, 6, 6, 6, 6, 6, 7, 6, 6, 6, 6, 6, 5, 7, 6, 6, 6, 6, 5, 7, 6, 5, 7, 5, 7, 6, 5, 6, 7, 5, 7, 5, 5, 7, 6, 6, 6, 5, 6, 6, 6, 6, 6, 5, 7, 5, 5, 7, 5, 7, 5, 6, 6, 5, 6, 6, 6, 5, 6, 5, 7, 6, 5, 6, 5, 7, 6, 5, 5, 7, 6, 5, 6, 5, 7, 5, 5, 7, 5, 6, 6, 5, 7, 6, 5, 6, 5, 5, 7, 5, 5, 6, 5, 7, 6, 5, 6, 5, 5, 7, 5, 5, 7, 5, 6, 5, 6, 5, 5, 6, 6, 5, 5, 6, 5, 7, 5, 6, 5, 6, 5, 6, 5, 5, 6, 5, 6, 5, 6, 6, 5, 5, 6, 5, 5, 7, 5, 5, 6, 5, 5, 5, 5, 7, 5, 4, 5, 7, 5, 5, 6, 5, 6, 5, 5, 6, 5, 6, 5, 5, 6, 5, 5, 6, 5, 5, 6, 5, 5, 5, 6, 5, 5, 5, 6, 5, 5, 6, 5, 4, 5, 7, 5, 5, 5, 5, 6, 5, 5, 5, 5, 5, 5, 6, 5, 5, 4, 5, 6, 5, 5, 5, 5, 5, 6, 5, 5, 5, 5, 6, 5, 4, 5, 5, 5, 5, 5, 6, 5, 5, 4, 5, 5, 5, 5, 5, 5, 4, 5, 5, 5, 5, 5, 4, 5, 4, 5, 5, 4, 5, 5, 5, 6, 7, 7, 7, 0, 0, 0, 0, 7, 1, 1, 1, 7, 1, 0, 7, 0, 7, 0, 7, 7, 7, 7, 5, 7, 1, 1, 0, 1, 1, 0, 1, 0, 1, 0, 1, 0, 0, 1, 1, 0, 0, 1, 1, 0, 0, 0, 1, 0, 1, 1, 1, 0, 0, 1, 1, 7, 1, 0, 1, 0, 1, 1, 0, 1, 0, 1, 0, 1, 0, 1, 1, 1, 1, 7, 1, 1, 1, 1, 1, 0, 1, 1, 2, 1, 1, 1, 1, 2, 1, 1, 1, 1, 1, 3, 1, 1, 2, 2, 1, 2, 1, 2, 2, 1, 2, 1, 2, 1, 0, 7, 7, 5, 7, 6, 6, 6, 5, 6, 5, 6, 6, 5, 5, 6, 5, 5, 5, 5, 7, 5, 4, 5, 5, 5, 6, 5, 5, 4, 5, 5, 5, 5, 5, 4, 5, 5, 5, 5, 5, 5, 4, 4, 5, 5, 4, 5, 4, 5, 5, 3, 5, 5, 5, 5, 3, 5, 4, 5, 5, 4, 5, 3, 5, 5, 5, 4, 4, 5, 5, 4, 4, 5, 5, 3, 5, 5, 4, 5, 4, 5, 4, 5, 4, 5, 5, 3, 5, 6, 7, 7, 7, 5, 7, 5, 6, 7, 6, 6, 5, 5, 5, 5, 6, 7, 6, 7, 7, 7, 6, 7, 6, 7, 7, 6, 7, 0, 7, 6, 6, 7, 6, 7, 7, 6, 6, 7, 7, 7, 5, 7, 7, 7, 6, 6, 7, 7, 7, 7, 5, 7, 7, 7, 6, 6, 7, 7, 6, 6, 7, 7, 6, 7, 6, 7, 6, 6, 7, 7, 5, 7, 7, 5, 7, 7, 6, 7, 6, 7, 6, 5, 7, 6, 6, 7, 6, 6, 6, 6, 7, 6, 5, 7, 5, 6, 7, 5, 6, 6, 6, 6, 5, 5, 6, 5, 4, 5, 3, 3, 3, 1, 1, 3, 1, 1, 2, 1, 3, 2, 1, 3, 2, 1, 3, 2, 2, 2, 2, 3, 1, 3, 2, 3, 1, 3, 2, 2, 3, 1, 3, 3, 1, 3, 2, 3, 3, 2, 2, 3, 3, 2, 2, 3, 3, 2, 2, 3, 3, 2, 2, 3, 3, 3, 3, 2, 2, 3, 3, 1, 3, 3, 2, 3, 4, 3, 1, 3, 3, 2, 2, 3, 3, 2, 3, 3, 2, 2, 3, 3, 3, 3, 1, 3, 3, 3, 3, 3, 2, 2, 3, 5, 5, 5, 4, 5, 4, 5, 3, 4, 4, 4, 3, 2, 3, 4, 3, 3, 3, 4, 4, 4, 5, 4, 5, 4, 5, 7, 6, 6, 7, 6, 6, 7, 6, 7, 7, 6, 7, 6, 5, 7, 7, 6, 7, 6, 7, 7, 5, 7, 6, 6, 7, 6, 5, 7, 7, 6, 7, 5, 7, 7, 5, 7, 6, 7, 6, 6, 7, 5, 7, 6, 7, 5, 7, 6, 7, 6, 6, 7, 6, 5, 7, 6, 6, 7, 5, 7, 6, 6, 6, 7, 5, 7, 5, 7, 6, 6, 7, 5, 6, 7, 6, 5, 7, 6, 6, 6, 6, 7, 6, 5, 7, 5, 7, 6, 6, 5, 7, 6, 6, 7, 5, 7, 6, 6, 6, 6, 5, 7, 6, 7, 5, 6, 7, 6, 5, 7, 6, 5, 7, 6, 7, 5, 6, 7, 5, 6, 7, 5, 6, 7, 5, 7, 6, 6, 6, 5, 7, 6, 5, 6, 7, 6, 6, 6, 5, 7, 5, 6, 7, 5, 6, 7, 5, 7, 5, 6, 7, 5, 6, 7, 5, 5, 7, 6, 6, 5, 6, 7, 6, 5, 6, 6, 6, 6, 6, 6, 5, 6, 7, 5, 5, 7, 6, 5, 6, 7, 5, 6, 5, 7, 6, 5, 6, 5, 6, 7, 5, 6, 5, 6, 7, 5, 5, 7, 5, 5, 6, 6, 7, 5, 5, 6, 6, 5, 6, 5, 6, 5, 6, 7, 5, 5, 6, 6, 5, 6, 5, 5, 6, 6, 6, 5, 5, 6, 5, 7, 6, 5, 5, 5, 5, 6, 6, 5, 5, 6, 5, 6, 5, 5, 6, 5, 6, 5, 5, 6, 5, 5, 5, 6, 5, 5, 5, 6, 5, 5, 5, 5, 5, 5, 5, 5, 5, 5, 5, 5, 4, 5, 5, 5, 4, 5, 4, 5, 5, 4, 4, 5, 5, 3, 5, 4, 4, 5, 4, 3, 4]
BWT          : [7, 0, 0, 1, 0, 7, 7, 7, 1, 1, 1, 1, 1, 1, 0, 1, 0, 0, 7, 1, 7, 0, 7, 7, 0, 1, 0, 1, 1, 0, 1, 0, 1, 0, 1, 0, 1, 1, 1, 1, 1, 1, 1, 1, 1, 1, 1, 1, 0, 0, 1, 0, 1, 1, 0, 0, 0, 7, 0, 7, 7, 0, 7, 0, 0, 0, 7, 0, 7, 0, 0, 1, 1, 7, 7, 0, 1, 7, 0, 1, 1, 0, 1, 1, 0, 1, 1, 1, 1, 1, 1, 1, 1, 1, 1, 0, 1, 1, 1, 1, 0, 1, 0, 1, 0, 0, 0, 0, 1, 1, 0, 0, 0, 0, 0, 1, 0, 1, 1, 1, 1, 1, 0, 1, 1, 0, 1, 1, 1, 1, 1, 1, 1, 1, 0, 0, 1, 1, 0, 1, 1, 1, 1, 1, 0, 7, 7, 7, 7, 1, 7, 1, 1, 1, 0, 0, 0, 0, 1, 0, 0, 0, 7, 0, 0, 0, 7, 0, 1, 1, 0, 1, 0, 1, 7, 0, 1, 1, 0, 7, 7, 7, 0, 1, 7, 0, 7, 0, 0, 1, 0, 7, 7, 1, 7, 7, 7, 7, 7, 0, 7, 0, 1, 0, 1, 1, 0, 0, 1, 7, 1, 1, 0, 0, 0, 1, 0, 0, 0, 1, 0, 7, 1, 1, 1, 1, 0, 0, 7, 1, 7, 0, 0, 1, 0, 0, 0, 0, 1, 1, 1, 1, 0, 2, 7, 1, 1, 0, 1, 7, 0, 1, 7, 1, 1, 0, 0, 1, 1, 0, 1, 1, 1, 0, 2, 1, 1, 0, 1, 1, 0, 0, 0, 0, 1, 3, 2, 0, 7, 0, 0, 7, 0, 7, 0, 7, 7, 7, 7, 7, 2, 0, 1, 0, 1, 0, 0, 0, 1, 0, 1, 1, 1, 0, 0, 1, 0, 0, 0, 7, 1, 1, 0, 1, 7, 2, 1, 1, 1, 3, 1, 1, 1, 1, 2, 0, 1, 1, 1, 0, 0, 1, 7, 0, 0, 3, 0, 1, 1, 0, 1, 1, 1, 7, 1, 0, 0, 0, 1, 1, 2, 0, 7, 1, 1, 2, 3, 1, 2, 1, 2, 1, 0, 2, 1, 1, 1, 1, 0, 1, 7, 1, 1, 7, 1, 7, 1, 1, 2, 7, 1, 0, 1, 2, 2, 3, 2, 2, 3, 1, 0, 3, 3, 1, 7, 1, 3, 3, 3, 3, 2, 0, 0, 1, 0, 1, 0, 1, 0, 0, 1, 0, 2, 2, 2, 1, 3, 2, 1, 1, 1, 1, 1, 1, 2, 2, 0, 2, 2, 2, 0, 2, 2, 1, 1, 1, 2, 2, 3, 2, 3, 1, 3, 2, 1, 2, 2, 3, 2, 1, 2, 2, 3, 3, 2, 2, 0, 1, 1, 1, 3, 1, 1, 1, 1, 1, 2, 2, 1, 3, 2, 2, 2, 3, 1, 2, 2, 3, 3, 3, 3, 2, 3, 3, 2, 3, 3, 3, 3, 3, 3, 3, 3, 3, 3, 3, 7, 3, 0, 0, 0, 0, 0, 0, 7, 7, 7, 0, 0, 1, 0, 0, 1, 1, 1, 0, 1, 1, 1, 1, 1, 1, 0, 1, 0, 0, 7, 7, 0, 1, 2, 1, 1, 1, 1, 2, 1, 1, 1, 1, 1, 2, 1, 1, 2, 2, 2, 3, 1, 2, 2, 2, 2, 1, 2, 1, 3, 1, 1, 1, 1, 2, 2, 2, 1, 1, 2, 2, 2, 2, 1, 3, 3, 3, 3, 2, 2, 1, 1, 1, 3, 1, 2, 1, 1, 2, 1, 1, 2, 1, 2, 1, 2, 2, 3, 3, 1, 1, 1, 3, 1, 1, 1, 3, 2, 2, 2, 3, 3, 1, 2, 2, 2, 3, 2, 3, 2, 2, 2, 3, 3, 3, 2, 3, 3, 3, 3, 3, 2, 3, 3, 3, 3, 3, 3, 3, 3, 3, 3, 3, 3, 3, 3, 3, 3, 1, 2, 1, 2, 2, 1, 3, 1, 2, 2, 2, 2, 3, 2, 2, 3, 2, 3, 3, 3, 3, 2, 3, 3, 2, 3, 2, 2, 2, 2, 2, 2, 3, 2, 2, 3, 3, 3, 2, 2, 3, 2, 3, 3, 2, 3, 3, 3, 3, 3, 3, 3, 2, 3, 2, 2, 3, 2, 3, 3, 3, 3, 2, 3, 3, 3, 3, 3, 3, 3, 3, 3, 1, 3, 3, 2, 1, 2, 3, 1, 1, 1, 2, 3, 1, 1, 2, 1, 1, 2, 1, 3, 1, 2, 1, 3, 1, 2, 1, 3, 2, 3, 2, 2, 2, 3, 3, 3, 2, 3, 3, 4, 3, 3, 3, 3, 1, 2, 2, 1, 1, 1, 2, 3, 2, 1, 1, 1, 1, 1, 1, 3, 1, 2, 2, 4, 3, 1, 2, 1, 2, 3, 3, 3, 3, 3, 3, 3, 3, 2, 1, 3, 3, 3, 3, 1, 2, 1, 3, 1, 3, 2, 3, 3, 3, 2, 2, 3, 1, 3, 4, 1, 3, 3, 2, 4, 3, 3, 2, 3, 2, 4, 3, 3, 3, 2, 3, 3, 5, 3, 2, 4, 4, 5, 3, 4, 4, 3, 2, 1, 3, 2, 1, 1, 3, 2, 2, 2, 2, 3, 2, 3, 3, 1, 3, 3, 3, 2, 2, 2, 2, 1, 2, 2, 3, 3, 3, 2, 3, 3, 2, 3, 2, 3, 3, 2, 4, 2, 3, 4, 2, 3, 1, 2, 4, 5, 3, 3, 3, 3, 3, 1, 2, 3, 2, 3, 3, 2, 3, 2, 3, 3, 3, 2, 2, 3, 2, 4, 2, 2, 3, 3, 2, 3, 2, 3, 5, 1, 2, 4, 3, 3, 3, 2, 4, 2, 3, 3, 3, 4, 4, 1, 4, 4, 4, 3, 1, 4, 3, 3, 3, 3, 4, 3, 3, 2, 2, 3, 5, 3, 4, 4, 4, 3, 4, 5, 3, 5, 4, 4, 4, 3, 5, 4, 2, 3, 2, 3, 3, 2, 3, 3, 3, 3, 3, 4, 2, 2, 4, 4, 3, 4, 3, 3, 5, 4, 4, 3, 3, 3, 4, 1, 5, 2, 3, 4, 3, 4, 5, 3, 4, 5, 5, 4, 2, 5, 3, 3, 4, 4, 4, 2, 2, 5, 3, 4, 3, 2, 5, 3, 3, 4, 4, 3, 3, 4, 5, 5, 5, 5, 5, 2, 5, 5, 3, 3, 3, 4, 3, 4, 3, 5, 3, 3, 3, 3, 3, 4, 4, 4, 3, 3, 4, 3, 3, 3, 5, 4, 4, 3, 3, 3, 3, 3, 3, 3, 5, 3, 4, 4, 4, 3, 3, 5, 3, 5, 3, 4, 4, 5, 3, 3, 3, 4, 3, 3, 3, 3, 3, 4, 4, 4, 4, 3, 3, 3, 4, 3, 3, 3, 3, 5, 4, 4, 3, 4, 3, 5, 5, 4, 5, 5, 5, 5, 5, 3, 5, 4, 3, 5, 5, 4, 4, 3, 3, 5, 4, 5, 5, 4, 5, 5, 5, 5, 5, 4, 4, 5, 5, 5, 4, 5, 4, 5, 5, 5, 5, 5, 5, 5, 5, 5, 5, 5, 5, 5, 3, 3, 4, 3, 3, 3, 3, 3, 3, 3, 4, 4, 3, 4, 3, 4, 4, 5, 5, 5, 4, 5, 5, 3, 4, 3, 3, 4, 4, 3, 3, 4, 5, 5, 5, 5, 6, 4, 4, 5, 5, 5, 4, 5, 4, 5, 5, 4, 4, 4, 4, 3, 4, 5, 5, 5, 5, 5, 6, 7, 5, 5, 6, 7, 4, 4, 5, 4, 4, 4, 4, 4, 5, 5, 4, 5, 3, 4, 5, 5, 5, 5, 6, 5, 6, 4, 6, 5, 3, 5, 3, 4, 5, 5, 5, 5, 3, 5, 5, 5, 5, 5, 5, 4, 5, 5, 4, 4, 5, 4, 5, 5, 5, 5, 5, 6, 6, 4, 5, 6, 6, 5, 5, 7, 5, 6, 6, 6, 6, 5, 4, 5, 5, 6, 5, 5, 6, 6, 6, 5, 5, 4, 5, 5, 6, 5, 6, 5, 5, 5, 5, 5, 5, 6, 7, 5, 6, 6, 5, 5, 6, 6, 6, 6, 6, 6, 7, 6, 6, 6, 7, 5, 6, 7, 7, 6, 7, 5, 5, 5, 5, 6, 6, 7, 6, 7, 7, 7, 6, 7, 7, 7, 5, 5, 5, 5, 5, 5, 5, 5, 4, 5, 5, 5, 5, 5, 5, 5, 5, 6, 5, 5, 6, 6, 6, 6, 6, 6, 5, 6, 6, 5, 5, 5, 5, 6, 7, 7, 5, 6, 6, 6, 6, 7, 6, 6, 5, 5, 6, 5, 7, 6, 6, 6, 5, 5, 5, 5, 7, 7, 5, 6, 7, 6, 6, 5, 6, 6, 6, 7, 6, 6, 7, 7, 7, 7, 7, 6, 7, 7, 6, 7, 7, 7, 6, 5, 5, 3, 7, 5, 5, 4, 5, 4, 5, 5, 5, 6, 6, 7, 5, 6, 7, 5, 6, 7, 6, 7, 5, 6, 6, 7, 6, 6, 6, 6, 6, 5, 6, 5, 7, 6, 6, 6, 5, 7, 7, 5, 7, 6, 7, 6, 6, 7, 7, 6, 6, 7, 6, 4, 6, 6, 7, 7, 7, 7, 7, 7, 7, 6, 7, 6, 7, 7, 5, 5, 5, 5, 5, 5, 5, 5, 5, 5, 7, 6, 5, 5, 5, 5, 5, 5, 6, 5, 6, 5, 5, 5, 5, 6, 5, 5, 6, 5, 6, 6, 5, 5, 5, 5, 5, 7, 5, 5, 5, 5, 5, 5, 6, 7, 7, 5, 6, 6, 5, 5, 7, 7, 7, 6, 5, 5, 6, 6, 7, 5, 5, 6, 5, 7, 7, 6, 7, 5, 6, 5, 7, 6, 7, 7, 5, 5, 6, 5, 5, 5, 6, 6, 7, 6, 6, 7, 6, 7, 7, 7, 6, 7, 7, 7, 6, 5, 5, 5, 5, 6, 5, 5, 6, 6, 5, 6, 6, 7, 6, 6, 5, 6, 6, 6, 7, 7, 6, 6, 5, 7, 5, 7, 6, 6, 7, 7, 6, 6, 6, 5, 6, 6, 7, 6, 7, 6, 5, 7, 5, 7, 7, 7, 6, 7, 6, 6, 6, 7, 5, 7, 6, 7, 7, 7, 6, 6, 7, 7, 6, 7, 7, 7, 7, 7, 7, 7, 6, 7, 7, 7, 7, 7, 5, 6, 5, 5, 5, 5, 5, 5, 5, 7, 5, 5, 5, 7, 6, 5, 5, 6, 5, 6, 6, 6, 7, 7, 7, 5, 6, 6, 5, 5, 6, 7, 6, 7, 5, 5, 6, 6, 6, 7, 7, 6, 7, 6, 7, 7, 7, 6, 7, 6, 7, 5, 7, 6, 6, 6, 7, 7, 7, 6, 5, 5, 6, 7, 7, 7, 6, 1, 0, 1, 7, 0, 1, 0, 0, 1, 1, 1, 0, 0, 7, 1, 0, 1, 0, 0, 0, 0, 0, 0, 0, 7, 0, 1, 0, 0, 1, 0, 6, 7, 7, 0, 0, 0, 1, 1, 0, 0, 1, 1, 1, 1, 0, 0, 1, 1, 0, 0, 0, 1, 1, 5, 1, 1, 1, 1, 1, 0, 1, 7, 0, 0, 0, 0, 7, 7, 5, 5, 5, 5, 5, 5, 6, 6, 5, 6, 5, 5, 5, 6, 6, 5, 5, 5, 6, 6, 5, 5, 6, 6, 5, 5, 6, 5, 6, 6, 6, 6, 6, 5, 7, 6, 5, 6, 7, 6, 5, 5, 7, 6, 6, 6, 5, 7, 6, 7, 6, 6, 7, 7, 6, 7, 7, 7, 5, 5, 5, 5, 5, 5, 5, 6, 5, 5, 5, 6, 5, 6, 6, 6, 6, 6, 5, 6, 6, 6, 5, 7, 5, 5, 5, 6, 5, 5, 5, 6, 5, 6, 5, 5, 6, 5, 5, 5, 6, 6, 5, 5, 7, 5, 7, 0, 6, 6, 7, 7, 7, 7, 7, 5, 5, 5, 7, 6, 6, 7, 5, 5, 6, 7, 7, 7, 7, 7, 6, 6, 6, 6, 6, 6, 7, 7, 1, 1, 7, 7, 7, 1, 1, 7, 7, 0, 6, 5, 6, 6, 5, 7, 7, 5, 5, 7, 7, 6, 6, 7, 6, 5, 6, 5, 6, 5, 7, 7, 7, 6, 7, 0, 0, 7, 6, 7, 6, 6, 5, 5, 6, 6, 0, 0, 0, 6]  (index=1171)
Round-trip   : lossless

MTFT         : 
Iteraciones usadas: 1
Entropía de salida: 1.8556 bits/símbolo
Round-trip   : lossless

[Compresores] (entrada: cadena post-MTFT, 2001 símbolos)
Algoritmo       Tamaño (bytes)  Tasa de compresión  
-------------- -------------- ------------------
Huffman         480             0.2399               lossless  
ZIP             779             0.3893               lossless  
Aritmético      465             0.2324               lossless  
PPM             2194            1.0965               lossless  
=======================================================
VCC - 3354 símbolos

-------------------------------------------------------
--- VCC ---
Longitud     : 3354
Original     : [1, 1, 2, 0, 2, 1, 0, 1, 2, 0, 0, 1, 2, 2, 1, 1, 2, 1, 2, 0, 0, 1, 2, 1, 2, 2, 1, 1, 0, 2, 0, 1, 2, 1, 2, 1, 2, 0, 1, 2, 1, 2, 1, 2, 1, 2, 1, 2, 1, 2, 0, 1, 0, 2, 1, 2, 1, 2, 1, 2, 1, 2, 0, 1, 1, 2, 2, 1, 2, 1, 2, 1, 0, 2, 1, 2, 1, 2, 1, 0, 2, 1, 2, 1, 0, 2, 1, 0, 2, 1, 2, 1, 0, 2, 1, 0, 2, 1, 2, 1, 0, 0, 2, 1, 2, 1, 2, 1, 2, 0, 1, 1, 2, 1, 2, 2, 1, 0, 2, 1, 2, 1, 0, 0, 0, 2, 1, 2, 1, 0, 2, 1, 0, 0, 2, 1, 2, 1, 1, 2, 0, 2, 1, 0, 2, 1, 0, 2, 1, 0, 0, 2, 1, 2, 1, 1, 2, 0, 0, 2, 1, 2, 1, 1, 2, 2, 1, 2, 1, 1, 2, 0, 2, 1, 0, 2, 1, 1, 2, 0, 2, 1, 0, 2, 1, 0, 1, 2, 2, 1, 0, 2, 1, 1, 2, 0, 2, 1, 0, 1, 2, 2, 1, 2, 1, 1, 2, 0, 2, 1, 0, 0, 0, 0, 0, 0, 2, 1, 0, 1, 2, 0, 2, 1, 0, 0, 1, 2, 2, 1, 2, 1, 1, 2, 0, 2, 1, 1, 2, 0, 2, 1, 1, 2, 2, 1, 1, 2, 0, 2, 1, 1, 2, 0, 2, 1, 1, 2, 2, 1, 0, 0, 0, 1, 2, 0, 2, 1, 0, 1, 2, 2, 1, 0, 0, 0, 1, 2, 2, 1, 1, 2, 0, 2, 1, 1, 2, 0, 2, 1, 1, 2, 0, 2, 1, 1, 2, 0, 1, 2, 2, 1, 2, 1, 1, 0, 2, 2, 1, 0, 1, 2, 0, 2, 1, 1, 2, 0, 1, 2, 2, 1, 0, 0, 0, 0, 1, 2, 2, 1, 1, 2, 0, 2, 1, 1, 0, 2, 2, 1, 0, 0, 1, 2, 2, 1, 1, 2, 2, 1, 0, 1, 2, 0, 0, 0, 0, 1, 2, 2, 1, 0, 1, 2, 0, 2, 1, 1, 2, 0, 0, 1, 2, 2, 1, 1, 2, 2, 1, 1, 2, 0, 0, 0, 1, 2, 2, 1, 1, 2, 0, 0, 1, 2, 2, 1, 0, 1, 2, 0, 0, 1, 2, 0, 1, 2, 2, 1, 1, 2, 0, 1, 2, 2, 1, 1, 2, 0, 0, 1, 2, 2, 1, 1, 0, 2, 2, 1, 0, 1, 0, 2, 2, 1, 1, 2, 0, 0, 1, 0, 2, 2, 1, 0, 1, 2, 0, 0, 1, 2, 2, 1, 1, 2, 1, 2, 0, 1, 2, 0, 0, 1, 0, 2, 2, 1, 0, 1, 2, 0, 1, 2, 1, 2, 2, 1, 1, 0, 2, 0, 2, 1, 1, 0, 2, 0, 0, 1, 2, 2, 0, 1, 2, 0, 1, 2, 0, 0, 0, 2, 1, 2, 1, 2, 1, 0, 2, 0, 1, 2, 1, 0, 0, 0, 2, 1, 1, 2, 0, 1, 2, 0, 1, 2, 1, 2, 1, 2, 2, 0, 0, 1, 2, 1, 2, 1, 2, 0, 1, 0, 2, 2, 1, 1, 2, 1, 2, 0, 1, 0, 2, 0, 2, 1, 1, 0, 2, 1, 2, 0, 1, 2, 1, 2, 0, 0, 1, 2, 1, 2, 2, 1, 1, 2, 1, 0, 2, 0, 0, 1, 0, 2, 2, 1, 1, 2, 1, 2, 0, 0, 1, 2, 1, 2, 1, 2, 1, 2, 0, 0, 1, 2, 1, 2, 0, 0, 1, 2, 1, 2, 0, 0, 1, 2, 1, 2, 0, 0, 1, 2, 1, 2, 2, 1, 1, 0, 2, 2, 1, 0, 1, 0, 2, 2, 1, 1, 2, 0, 0, 1, 2, 2, 1, 1, 2, 0, 1, 2, 2, 1, 1, 2, 0, 0, 0, 0, 1, 2, 2, 1, 0, 1, 2, 2, 1, 0, 1, 2, 2, 1, 0, 2, 1, 2, 1, 1, 2, 2, 1, 2, 1, 1, 2, 1, 2, 0, 1, 2, 1, 1, 0, 2, 0, 1, 2, 0, 1, 1, 2, 2, 1, 2, 1, 0, 0, 0, 0, 2, 1, 1, 2, 0, 2, 1, 1, 2, 2, 1, 0, 1, 2, 0, 0, 0, 0, 1, 2, 0, 2, 1, 1, 0, 2, 2, 1, 0, 1, 2, 0, 1, 2, 0, 0, 1, 0, 2, 2, 1, 0, 1, 0, 2, 2, 1, 0, 1, 0, 2, 0, 0, 1, 2, 0, 1, 2, 0, 0, 1, 0, 2, 0, 2, 1, 1, 0, 2, 1, 2, 0, 0, 1, 2, 1, 2, 1, 2, 2, 1, 1, 2, 1, 2, 0, 1, 0, 2, 0, 0, 1, 2, 0, 1, 0, 2, 2, 1, 0, 1, 0, 2, 1, 2, 0, 0, 1, 2, 1, 2, 0, 1, 2, 0, 0, 1, 2, 1, 0, 2, 0, 1, 2, 1, 2, 0, 1, 2, 0, 0, 1, 0, 2, 1, 2, 0, 1, 2, 0, 2, 1, 2, 1, 2, 1, 2, 1, 0, 0, 1, 2, 0, 2, 1, 1, 2, 2, 1, 0, 1, 0, 2, 1, 2, 0, 2, 2, 1, 1, 2, 1, 2, 0, 1, 2, 0, 1, 2, 0, 1, 2, 0, 0, 1, 0, 2, 2, 1, 1, 2, 1, 2, 0, 0, 1, 2, 1, 2, 0, 0, 1, 2, 1, 2, 1, 2, 2, 1, 1, 2, 0, 0, 1, 0, 2, 0, 1, 2, 2, 1, 1, 2, 1, 2, 1, 2, 1, 2, 2, 1, 1, 2, 1, 2, 2, 1, 1, 0, 2, 0, 1, 2, 1, 2, 0, 0, 1, 2, 1, 2, 1, 2, 1, 2, 0, 1, 0, 2, 0, 1, 2, 0, 1, 0, 2, 0, 1, 0, 2, 0, 1, 2, 1, 2, 1, 0, 2, 1, 2, 1, 2, 0, 1, 2, 1, 1, 2, 2, 0, 1, 0, 2, 1, 2, 1, 0, 2, 1, 2, 1, 0, 0, 2, 0, 1, 1, 2, 2, 0, 1, 1, 2, 0, 2, 1, 1, 0, 2, 2, 1, 0, 1, 0, 2, 1, 0, 1, 2, 1, 0, 2, 1, 0, 2, 1, 0, 0, 2, 1, 0, 2, 1, 0, 0, 2, 1, 2, 1, 1, 2, 2, 0, 1, 0, 2, 1, 2, 1, 2, 1, 0, 2, 1, 2, 1, 2, 1, 2, 0, 1, 1, 2, 2, 1, 2, 0, 1, 2, 1, 2, 1, 2, 1, 2, 1, 2, 2, 1, 1, 2, 1, 2, 1, 2, 1, 2, 0, 1, 2, 2, 1, 1, 0, 2, 0, 1, 2, 0, 0, 1, 0, 2, 0, 1, 2, 0, 1, 2, 2, 1, 1, 2, 1, 2, 0, 0, 1, 2, 1, 2, 1, 2, 0, 1, 2, 0, 0, 0, 1, 2, 1, 2, 0, 0, 1, 2, 1, 2, 0, 0, 1, 2, 0, 1, 2, 0, 1, 2, 0, 0, 1, 0, 2, 0, 1, 2, 2, 1, 2, 1, 2, 1, 2, 0, 1, 0, 0, 2, 0, 1, 1, 2, 2, 1, 0, 1, 2, 2, 1, 1, 2, 1, 2, 1, 2, 2, 1, 0, 0, 0, 0, 2, 1, 2, 1, 2, 0, 2, 0, 1, 0, 2, 0, 1, 2, 1, 2, 0, 1, 2, 0, 1, 2, 1, 2, 1, 2, 0, 1, 0, 2, 0, 1, 2, 1, 2, 1, 2, 1, 2, 0, 1, 0, 2, 0, 1, 2, 0, 1, 0, 0, 2, 1, 2, 1, 2, 0, 1, 0, 2, 0, 1, 2, 1, 0, 2, 1, 2, 0, 1, 0, 2, 1, 0, 2, 1, 2, 0, 1, 0, 2, 1, 2, 1, 0, 2, 0, 1, 2, 0, 1, 0, 0, 2, 1, 2, 1, 2, 0, 1, 0, 2, 1, 2, 1, 0, 2, 0, 1, 0, 2, 1, 2, 1, 1, 2, 2, 0, 1, 2, 1, 0, 2, 1, 2, 1, 0, 2, 1, 2, 1, 2, 1, 0, 2, 1, 2, 1, 2, 1, 0, 2, 1, 2, 1, 0, 2, 1, 2, 1, 0, 2, 1, 2, 1, 0, 2, 1, 0, 2, 1, 2, 0, 1, 1, 2, 2, 1, 0, 2, 1, 2, 1, 1, 2, 2, 0, 1, 2, 1, 1, 2, 2, 0, 1, 0, 2, 1, 2, 1, 0, 2, 1, 2, 1, 1, 2, 2, 1, 2, 1, 0, 2, 1, 2, 1, 0, 0, 2, 0, 1, 1, 2, 2, 0, 1, 1, 2, 2, 1, 2, 1, 0, 2, 1, 0, 2, 1, 0, 2, 1, 1, 2, 2, 0, 1, 1, 2, 2, 1, 2, 0, 1, 1, 2, 0, 2, 0, 1, 0, 0, 2, 0, 1, 1, 2, 2, 1, 1, 2, 2, 1, 2, 1, 1, 2, 2, 1, 2, 1, 0, 2, 1, 0, 1, 2, 2, 0, 1, 1, 2, 2, 0, 1, 0, 1, 2, 2, 1, 2, 1, 0, 2, 1, 0, 1, 2, 2, 1, 0, 0, 2, 1, 1, 2, 2, 1, 2, 1, 1, 2, 2, 1, 0, 2, 1, 0, 1, 2, 2, 1, 2, 1, 0, 1, 2, 2, 1, 0, 2, 1, 0, 1, 2, 2, 1, 0, 2, 1, 0, 0, 0, 2, 0, 1, 1, 2, 0, 2, 1, 1, 2, 2, 1, 1, 2, 2, 1, 2, 1, 1, 2, 2, 1, 0, 0, 0, 0, 0, 2, 1, 0, 0, 0, 1, 2, 2, 0, 1, 0, 1, 2, 2, 1, 1, 2, 0, 2, 1, 0, 1, 2, 2, 1, 1, 2, 2, 1, 0, 1, 2, 2, 1, 0, 0, 0, 0, 1, 2, 2, 1, 0, 0, 0, 0, 0, 1, 2, 0, 0, 0, 0, 2, 1, 1, 0, 2, 2, 1, 0, 0, 1, 2, 1, 2, 2, 1, 1, 2, 1, 2, 0, 0, 0, 1, 2, 0, 0, 1, 2, 1, 2, 2, 1, 1, 2, 0, 1, 2, 0, 0, 1, 2, 0, 1, 0, 2, 0, 1, 2, 0, 0, 1, 0, 2, 1, 2, 0, 1, 2, 1, 2, 1, 2, 1, 0, 2, 1, 0, 1, 2, 2, 1, 0, 0, 2, 1, 0, 0, 0, 1, 2, 0, 2, 1, 0, 0, 2, 1, 1, 2, 0, 1, 2, 0, 0, 0, 1, 2, 2, 1, 1, 0, 2, 2, 1, 1, 2, 0, 1, 2, 0, 0, 1, 2, 0, 1, 2, 0, 0, 1, 2, 1, 2, 0, 0, 1, 2, 0, 0, 1, 2, 1, 2, 2, 1, 1, 0, 2, 0, 1, 0, 2, 0, 1, 2, 0, 1, 0, 2, 0, 1, 2, 1, 2, 1, 2, 1, 2, 0, 1, 2, 0, 1, 2, 0, 1, 0, 2, 2, 1, 1, 2, 1, 2, 0, 0, 0, 0, 1, 0, 2, 0, 1, 2, 2, 1, 1, 2, 1, 2, 0, 1, 2, 0, 1, 2, 1, 2, 1, 2, 0, 0, 1, 2, 1, 2, 0, 0, 1, 2, 0, 0, 1, 0, 2, 0, 0, 1, 2, 0, 0, 0, 1, 2, 0, 1, 2, 1, 2, 0, 0, 1, 2, 1, 2, 1, 2, 1, 2, 2, 1, 1, 2, 1, 2, 0, 1, 2, 0, 0, 1, 2, 0, 0, 1, 2, 2, 1, 1, 2, 0, 1, 2, 0, 1, 2, 1, 2, 0, 1, 2, 0, 1, 2, 1, 2, 2, 1, 1, 2, 1, 2, 1, 2, 0, 1, 0, 2, 0, 1, 2, 1, 2, 1, 2, 0, 0, 1, 2, 1, 2, 1, 2, 0, 1, 0, 2, 0, 1, 2, 1, 2, 1, 2, 1, 2, 0, 1, 2, 1, 0, 0, 2, 0, 1, 0, 0, 2, 0, 1, 0, 0, 2, 0, 1, 0, 0, 0, 2, 1, 0, 2, 1, 0, 0, 2, 1, 1, 2, 2, 0, 1, 0, 1, 2, 2, 1, 2, 2, 1, 2, 1, 2, 1, 0, 2, 0, 1, 0, 2, 0, 1, 1, 2, 2, 0, 1, 0, 2, 1, 2, 1, 0, 2, 1, 0, 0, 0, 2, 1, 0, 0, 0, 2, 1, 0, 0, 0, 0, 2, 1, 0, 0, 0, 0, 0, 0, 0, 2, 1, 1, 2, 0, 2, 0, 1, 1, 2, 2, 1, 0, 0, 2, 1, 0, 0, 2, 1, 1, 2, 0, 2, 1, 0, 1, 2, 2, 1, 1, 2, 0, 0, 1, 2, 2, 1, 1, 0, 2, 0, 1, 2, 0, 0, 1, 0, 2, 0, 0, 1, 2, 2, 1, 0, 2, 1, 1, 2, 0, 2, 1, 0, 0, 0, 2, 1, 1, 2, 0, 2, 1, 0, 1, 2, 0, 0, 2, 1, 1, 0, 2, 0, 1, 0, 2, 0, 1, 2, 1, 2, 1, 0, 2, 1, 2, 1, 0, 2, 0, 1, 0, 2, 2, 1, 1, 2, 0, 0, 0, 1, 2, 0, 2, 1, 1, 2, 2, 1, 0, 0, 0, 1, 2, 1, 2, 1, 2, 0, 1, 0, 2, 1, 0, 0, 2, 1, 2, 0, 1, 1, 2, 0, 1, 2, 0, 0, 0, 1, 2, 2, 1, 1, 2, 2, 1, 2, 1, 1, 2, 2, 0, 1, 0, 2, 2, 1, 1, 2, 1, 2, 0, 1, 2, 0, 1, 2, 0, 1, 2, 1, 0, 2, 1, 0, 0, 0, 2, 1, 0, 0, 0, 1, 2, 2, 1, 1, 2, 0, 2, 1, 1, 2, 2, 1, 0, 0, 0, 2, 1, 2, 0, 1, 2, 1, 2, 1, 2, 1, 2, 0, 1, 0, 2, 0, 1, 0, 0, 2, 1, 0, 0, 2, 1, 1, 2, 0, 0, 0, 0, 0, 0, 2, 1, 1, 0, 2, 2, 0, 1, 0, 0, 0, 2, 1, 0, 2, 1, 0, 2, 1, 0, 0, 0, 2, 0, 1, 1, 2, 0, 2, 1, 1, 2, 1, 2, 0, 0, 1, 2, 0, 1, 2, 2, 1, 1, 2, 0, 0, 1, 2, 1, 2, 1, 2, 1, 2, 2, 1, 1, 0, 2, 0, 2, 1, 1, 0, 2, 0, 0, 1, 0, 2, 0, 1, 0, 2, 1, 2, 0, 1, 2, 1, 2, 0, 1, 1, 2, 2, 1, 2, 0, 1, 0, 0, 2, 1, 0, 2, 1, 1, 2, 2, 0, 1, 0, 0, 2, 1, 2, 1, 1, 2, 2, 1, 0, 0, 2, 1, 0, 1, 2, 2, 1, 0, 2, 1, 1, 2, 2, 0, 1, 0, 2, 1, 2, 1, 2, 0, 1, 0, 0, 0, 2, 1, 0, 2, 1, 2, 1, 0, 1, 2, 0, 0, 2, 0, 1, 0, 1, 2, 2, 0, 1, 2, 1, 0, 1, 2, 2, 0, 1, 0, 1, 2, 2, 1, 1, 2, 0, 2, 0, 1, 1, 2, 2, 1, 0, 0, 0, 2, 0, 0, 1, 0, 1, 2, 2, 1, 1, 2, 2, 1, 0, 2, 2, 0, 0, 0, 0, 1, 2, 0, 0, 0, 1, 2, 2, 1, 1, 2, 1, 2, 0, 0, 1, 2, 1, 2, 1, 2, 0, 1, 2, 1, 2, 1, 2, 1, 1, 2, 1, 2, 1, 0, 2, 0, 1, 2, 1, 2, 0, 1, 2, 1, 0, 0, 2, 0, 1, 2, 2, 0, 1, 2, 0, 0, 1, 2, 2, 0, 1, 1, 2, 2, 1, 0, 2, 0, 0, 1, 1, 2, 1, 2, 2, 0, 1, 0, 1, 2, 2, 1, 2, 1, 1, 2, 0, 1, 2, 2, 1, 2, 1, 1, 0, 2, 2, 1, 0, 2, 1, 1, 2, 0, 1, 2, 2, 1, 0, 0, 0, 2, 1, 0, 2, 0, 1, 1, 2, 1, 2, 0, 0, 1, 2, 0, 2, 1, 1, 2, 2, 1, 0, 2, 1, 0, 1, 2, 2, 1, 0, 2, 1, 0, 0, 0, 0, 2, 1, 1, 2, 0, 2, 1, 0, 0, 2, 1, 1, 2, 2, 1, 0, 1, 2, 2, 1, 1, 2, 1, 2, 2, 1, 1, 0, 2, 0, 1, 2, 2, 1, 1, 2, 1, 2, 1, 2, 1, 2, 0, 1, 0, 2, 1, 0, 2, 1, 2, 2, 1, 1, 2, 0, 0, 1, 2, 0, 1, 2, 0, 1, 2, 1, 2, 1, 2, 1, 2, 0, 1, 2, 1, 2, 1, 1, 2, 0, 2, 0, 1, 1, 2, 2, 1, 0, 1, 2, 0, 2, 1, 1, 0, 2, 2, 1, 1, 0, 2, 2, 1, 0, 0, 2, 1, 2, 0, 1, 0, 2, 0, 1, 0, 2, 1, 2, 1, 1, 2, 2, 1, 2, 1, 1, 2, 0, 2, 1, 1, 0, 2, 2, 1, 1, 2, 1, 2, 1, 2, 1, 2, 0, 0, 1, 2, 2, 1, 1, 2, 0, 2, 1, 0, 0, 2, 1, 0, 2, 0, 1, 2, 1, 1, 2, 2, 0, 1, 2, 1, 0, 2, 1, 0, 1, 2, 2, 0, 1, 1, 0, 2, 2, 1, 0, 0, 1, 2, 1, 2, 1, 2, 0, 1, 0, 0, 2, 1, 2, 2, 1, 1, 0, 2, 0, 0, 0, 0, 2, 1, 0, 2, 1, 0, 2, 0, 1, 2, 1, 2, 1, 0, 2, 1, 1, 2, 2, 0, 1, 0, 1, 2, 2, 1, 1, 2, 1, 2, 2, 1, 1, 2, 1, 2, 0, 1, 0, 2, 1, 2, 1, 1, 2, 2, 0, 1, 0, 0, 2, 1, 2, 1, 2, 1, 0, 2, 0, 1, 2, 0, 2, 1, 1, 0, 2, 2, 1, 0, 0, 1, 2, 0, 0, 1, 2, 0, 0, 1, 2, 1, 0, 2, 0, 1, 0, 2, 1, 0, 0, 2, 1, 2, 1, 0, 2, 1, 0, 1, 2, 2, 0, 1, 0, 0, 2, 1, 2, 1, 2, 0, 1, 0, 2, 0, 0, 1, 2, 1, 2, 1, 2, 0, 1, 2, 1, 2, 1, 0, 2, 1, 2, 1, 0, 2, 1, 0, 2, 1, 0, 0, 0, 2, 1, 1, 2, 2, 1, 0, 1, 2, 0, 2, 1, 0, 0, 2, 1, 2, 1, 1, 2, 2, 1, 2, 0, 1, 1, 2, 2, 1, 0, 2, 1, 0, 0, 0, 2, 0, 1, 1, 2, 2, 1, 2, 1, 0, 0, 0, 0, 2, 1, 1, 2, 0, 0, 0, 0, 0, 1, 2, 2, 1, 1, 2, 0, 1, 2, 0, 0, 1, 2, 0, 2, 0, 2, 1, 0, 0, 0, 2, 1, 0, 0, 0, 2, 1, 1, 2, 2, 1, 2, 1, 1, 2, 0, 2, 1, 1, 2, 0, 0, 0, 0, 1, 2, 2, 1, 0, 1, 2, 2, 1, 0, 1, 2, 0, 1, 2, 0, 1, 2, 0, 0, 1, 2, 1, 2, 2, 1, 1, 2, 1, 2, 0, 1, 2, 0, 1, 2, 1, 2, 1, 2, 0, 1, 2, 0, 0, 1, 0, 2, 2, 1, 1, 0, 2, 2, 1, 0, 1, 0, 2, 2, 1, 0, 1, 0, 2, 0, 0, 1, 2, 0, 1, 0, 2, 0, 1, 2, 1, 2, 0, 1, 2, 1, 2, 1, 2, 1, 2, 1, 2, 1, 0, 0, 2, 1, 2, 1, 2, 2, 1, 1, 2, 1, 2, 2, 1, 1, 0, 2, 0, 1, 2, 1, 2, 1, 2, 1, 2, 0, 1, 2, 1, 0, 2, 0, 1, 0, 2, 1, 0, 2, 1, 2, 0, 1, 2, 0, 1, 0, 2, 0, 1, 2, 1, 2, 0, 1, 2, 1, 2, 1, 2, 1, 2, 0, 0, 1, 0, 2, 0, 1, 0, 2, 1, 2, 1, 2, 0, 1, 0, 2, 0, 1, 2, 1, 2, 0, 1, 2, 0, 0, 1, 2, 2, 1, 1, 2, 1, 2, 0, 0, 1, 2, 1, 2, 1, 2, 2, 1, 1, 2, 1, 2, 0, 0, 1, 2, 1, 2, 0, 1, 2, 0, 1, 0, 2, 0, 0, 1, 2, 0, 0, 1, 0, 2, 0, 1, 2, 1, 0, 2, 0, 1, 2, 1, 1, 2, 2, 0, 1, 2, 1, 2, 1, 0, 2, 1, 2, 1, 2, 1, 0, 0, 2, 0, 1, 1, 2, 2, 1, 2, 1, 0, 0, 2]
BWT          : [1, 1, 2, 0, 1, 2, 1, 0, 0, 0, 2, 0, 2, 2, 1, 2, 2, 2, 0, 1, 1, 0, 0, 2, 0, 2, 1, 0, 1, 1, 1, 0, 0, 0, 2, 2, 1, 1, 0, 2, 2, 1, 1, 0, 0, 0, 0, 2, 2, 0, 0, 1, 1, 2, 2, 1, 1, 1, 1, 0, 1, 0, 1, 1, 1, 0, 1, 1, 0, 1, 1, 0, 0, 0, 1, 0, 0, 1, 0, 1, 1, 1, 1, 0, 2, 2, 2, 2, 2, 2, 2, 2, 0, 2, 2, 2, 2, 2, 2, 2, 2, 2, 2, 2, 2, 0, 2, 0, 2, 2, 1, 2, 2, 0, 2, 2, 2, 2, 2, 2, 2, 2, 0, 2, 2, 2, 0, 0, 0, 0, 1, 2, 2, 2, 2, 2, 2, 0, 2, 2, 2, 2, 2, 2, 1, 2, 0, 2, 2, 2, 2, 2, 2, 2, 2, 2, 2, 2, 2, 2, 2, 2, 2, 1, 2, 0, 2, 2, 0, 2, 0, 0, 0, 2, 2, 2, 0, 0, 0, 2, 2, 2, 0, 0, 0, 0, 2, 2, 2, 1, 2, 0, 1, 0, 1, 1, 1, 2, 0, 0, 1, 1, 1, 1, 0, 1, 1, 0, 0, 1, 0, 0, 0, 0, 1, 1, 0, 1, 0, 1, 0, 1, 0, 0, 1, 0, 2, 0, 0, 1, 0, 1, 0, 0, 0, 1, 0, 1, 0, 1, 0, 1, 0, 1, 1, 1, 0, 0, 1, 1, 1, 1, 1, 1, 2, 1, 1, 1, 0, 1, 0, 1, 1, 1, 2, 2, 2, 2, 2, 2, 2, 2, 2, 2, 2, 2, 2, 2, 2, 2, 2, 2, 2, 0, 2, 2, 2, 0, 2, 1, 2, 1, 2, 0, 2, 2, 0, 2, 0, 2, 2, 2, 2, 2, 0, 0, 2, 2, 2, 2, 2, 2, 2, 2, 2, 2, 2, 0, 0, 0, 0, 2, 2, 2, 1, 2, 2, 2, 1, 0, 2, 0, 1, 2, 2, 2, 2, 2, 2, 2, 2, 2, 2, 2, 2, 1, 1, 2, 0, 0, 0, 0, 2, 1, 1, 2, 0, 0, 2, 2, 2, 2, 2, 2, 2, 2, 2, 0, 2, 2, 2, 2, 2, 2, 2, 2, 2, 2, 2, 2, 2, 2, 2, 2, 2, 2, 2, 2, 2, 1, 1, 0, 0, 2, 2, 0, 2, 2, 0, 2, 2, 0, 2, 2, 2, 2, 2, 2, 2, 2, 0, 2, 2, 2, 1, 2, 0, 2, 2, 0, 0, 2, 2, 0, 2, 1, 1, 1, 1, 2, 2, 2, 2, 0, 2, 0, 2, 0, 2, 2, 2, 2, 0, 1, 2, 0, 2, 2, 0, 2, 1, 2, 0, 2, 0, 2, 2, 2, 2, 2, 2, 1, 2, 0, 0, 2, 0, 1, 0, 1, 0, 2, 0, 1, 1, 1, 0, 0, 0, 2, 2, 2, 2, 2, 0, 2, 2, 0, 2, 2, 1, 2, 2, 2, 2, 2, 2, 2, 0, 0, 0, 0, 0, 0, 2, 2, 0, 0, 2, 2, 2, 0, 2, 0, 2, 2, 2, 2, 2, 2, 2, 2, 2, 2, 2, 2, 2, 0, 2, 0, 0, 0, 0, 2, 0, 0, 2, 2, 2, 2, 0, 2, 2, 0, 2, 2, 2, 2, 2, 2, 2, 0, 0, 2, 0, 0, 0, 0, 0, 2, 0, 0, 0, 0, 0, 2, 1, 1, 0, 1, 1, 0, 2, 0, 1, 0, 1, 2, 1, 2, 1, 1, 0, 1, 0, 0, 0, 1, 1, 1, 1, 0, 1, 1, 1, 0, 2, 0, 0, 2, 2, 0, 1, 2, 0, 0, 0, 2, 1, 0, 1, 0, 0, 0, 2, 0, 0, 0, 0, 2, 2, 2, 1, 1, 1, 0, 1, 1, 0, 0, 1, 1, 2, 2, 1, 1, 0, 2, 1, 1, 0, 1, 1, 1, 1, 1, 1, 1, 1, 1, 1, 1, 0, 0, 0, 2, 1, 0, 1, 1, 2, 1, 1, 1, 1, 1, 1, 1, 1, 1, 0, 0, 1, 1, 0, 0, 2, 2, 2, 0, 0, 0, 0, 1, 1, 1, 1, 1, 1, 1, 1, 1, 1, 1, 1, 1, 1, 1, 1, 1, 1, 1, 1, 1, 1, 1, 1, 1, 1, 1, 1, 1, 1, 1, 0, 1, 1, 1, 1, 2, 1, 1, 1, 1, 0, 2, 0, 1, 0, 0, 0, 1, 1, 1, 0, 1, 1, 2, 2, 1, 0, 2, 2, 1, 0, 2, 0, 1, 2, 1, 1, 1, 1, 1, 2, 2, 2, 0, 1, 1, 1, 1, 2, 1, 1, 1, 1, 1, 0, 2, 2, 1, 2, 0, 0, 1, 1, 1, 1, 0, 1, 0, 2, 0, 0, 2, 1, 2, 0, 1, 1, 1, 1, 1, 0, 1, 1, 2, 2, 0, 2, 2, 0, 2, 0, 2, 2, 2, 2, 2, 0, 0, 2, 2, 0, 0, 2, 1, 2, 0, 1, 0, 0, 0, 0, 1, 1, 2, 2, 2, 0, 2, 2, 1, 1, 0, 1, 1, 2, 2, 2, 2, 2, 0, 0, 2, 2, 2, 0, 0, 1, 1, 0, 1, 1, 0, 1, 1, 1, 1, 1, 1, 0, 1, 1, 1, 1, 1, 1, 1, 1, 1, 1, 0, 0, 1, 1, 1, 1, 1, 1, 1, 1, 1, 0, 0, 1, 0, 1, 1, 0, 0, 1, 0, 1, 1, 1, 0, 0, 1, 0, 1, 0, 1, 0, 0, 1, 1, 1, 1, 0, 1, 2, 1, 0, 0, 1, 1, 1, 1, 1, 1, 1, 1, 1, 1, 1, 1, 1, 1, 1, 1, 1, 1, 1, 1, 1, 1, 1, 1, 1, 1, 1, 1, 1, 1, 1, 2, 1, 1, 2, 2, 2, 2, 2, 2, 2, 2, 2, 2, 2, 2, 2, 2, 2, 2, 2, 2, 2, 2, 2, 2, 2, 2, 2, 2, 0, 0, 0, 2, 2, 2, 2, 2, 2, 2, 2, 2, 2, 2, 2, 0, 0, 2, 2, 2, 0, 0, 2, 2, 2, 0, 2, 2, 2, 2, 0, 2, 2, 2, 2, 2, 2, 2, 2, 2, 2, 2, 2, 2, 0, 2, 0, 0, 0, 0, 2, 2, 0, 2, 2, 2, 2, 2, 2, 2, 2, 2, 2, 2, 2, 2, 2, 2, 2, 2, 2, 2, 2, 2, 2, 2, 2, 2, 2, 2, 2, 2, 0, 2, 2, 2, 2, 2, 2, 2, 2, 2, 2, 2, 2, 2, 0, 0, 2, 2, 0, 2, 0, 2, 0, 0, 2, 0, 1, 1, 2, 2, 0, 0, 0, 0, 0, 0, 1, 0, 0, 2, 1, 1, 0, 2, 2, 0, 2, 0, 0, 2, 2, 0, 1, 1, 0, 0, 2, 0, 0, 1, 0, 2, 2, 0, 0, 2, 2, 1, 2, 0, 0, 2, 0, 0, 2, 0, 0, 0, 1, 0, 0, 0, 1, 0, 1, 0, 0, 1, 1, 0, 0, 2, 2, 2, 2, 2, 2, 2, 2, 2, 0, 0, 2, 2, 2, 0, 2, 2, 2, 2, 2, 2, 2, 2, 2, 2, 2, 2, 2, 2, 2, 2, 0, 2, 0, 2, 2, 0, 2, 2, 2, 2, 2, 2, 2, 2, 0, 1, 2, 2, 2, 2, 0, 1, 0, 0, 0, 2, 2, 2, 2, 2, 0, 2, 0, 0, 2, 2, 2, 2, 0, 2, 2, 0, 2, 0, 0, 2, 2, 0, 2, 0, 0, 2, 2, 2, 2, 2, 0, 2, 0, 2, 2, 1, 1, 1, 1, 1, 1, 0, 0, 1, 0, 1, 0, 1, 1, 0, 1, 0, 1, 1, 1, 0, 0, 0, 0, 1, 0, 0, 0, 0, 0, 1, 2, 2, 2, 2, 2, 2, 2, 2, 2, 2, 2, 2, 2, 2, 2, 2, 2, 2, 0, 2, 2, 2, 2, 2, 2, 2, 2, 2, 2, 2, 2, 2, 2, 2, 2, 2, 2, 2, 2, 2, 2, 2, 2, 2, 2, 2, 2, 2, 2, 0, 2, 2, 2, 2, 2, 2, 2, 2, 2, 2, 2, 0, 2, 2, 2, 2, 2, 2, 2, 2, 2, 2, 2, 2, 2, 2, 2, 2, 0, 2, 2, 2, 2, 2, 2, 2, 0, 2, 2, 2, 2, 0, 2, 2, 2, 2, 0, 2, 2, 2, 2, 2, 2, 2, 2, 2, 2, 2, 2, 2, 2, 2, 2, 2, 2, 2, 2, 2, 2, 2, 2, 0, 0, 2, 2, 2, 2, 2, 2, 2, 0, 2, 0, 2, 2, 2, 2, 2, 0, 2, 0, 2, 2, 2, 2, 2, 2, 2, 0, 2, 0, 2, 2, 2, 2, 2, 0, 2, 0, 2, 0, 0, 2, 2, 0, 2, 2, 2, 2, 0, 0, 0, 2, 0, 0, 0, 0, 2, 0, 2, 2, 2, 2, 2, 2, 2, 2, 2, 0, 1, 1, 2, 0, 0, 1, 1, 0, 2, 0, 1, 0, 0, 1, 0, 0, 0, 0, 0, 2, 0, 0, 1, 0, 0, 0, 0, 0, 1, 0, 0, 0, 2, 0, 2, 0, 0, 0, 2, 1, 2, 0, 0, 2, 0, 0, 2, 0, 2, 2, 2, 2, 2, 2, 2, 2, 2, 2, 2, 2, 1, 2, 2, 2, 2, 0, 2, 2, 0, 2, 0, 0, 1, 1, 1, 0, 1, 2, 0, 0, 0, 1, 0, 0, 1, 2, 2, 2, 0, 0, 2, 0, 2, 2, 2, 0, 2, 0, 2, 2, 2, 2, 0, 0, 2, 2, 0, 2, 2, 2, 2, 2, 2, 2, 2, 2, 0, 0, 2, 2, 2, 2, 2, 2, 2, 2, 0, 2, 2, 1, 1, 0, 0, 0, 2, 0, 2, 2, 0, 2, 1, 1, 1, 2, 0, 0, 2, 2, 2, 0, 0, 0, 0, 2, 2, 2, 0, 1, 2, 2, 2, 0, 1, 2, 2, 2, 2, 2, 0, 2, 2, 0, 2, 2, 0, 2, 2, 0, 0, 0, 2, 2, 2, 2, 0, 2, 2, 2, 0, 0, 0, 1, 1, 2, 1, 0, 1, 0, 0, 1, 1, 1, 2, 1, 1, 1, 0, 1, 1, 0, 1, 0, 1, 0, 1, 1, 0, 1, 1, 1, 1, 1, 1, 0, 1, 1, 0, 0, 1, 1, 0, 0, 1, 1, 1, 1, 1, 1, 1, 0, 1, 0, 1, 0, 1, 1, 0, 2, 2, 2, 0, 2, 2, 0, 2, 2, 2, 0, 2, 2, 2, 2, 0, 2, 1, 2, 0, 0, 2, 2, 2, 2, 2, 0, 0, 2, 0, 2, 2, 2, 0, 2, 2, 2, 2, 0, 2, 2, 2, 2, 2, 0, 2, 2, 2, 2, 2, 2, 2, 2, 0, 2, 2, 2, 2, 2, 2, 2, 0, 2, 2, 2, 2, 2, 2, 2, 2, 2, 2, 2, 2, 2, 2, 0, 0, 2, 2, 0, 2, 2, 0, 2, 2, 2, 2, 2, 2, 2, 2, 2, 1, 1, 2, 0, 0, 0, 1, 1, 2, 0, 2, 0, 1, 0, 1, 2, 1, 1, 1, 0, 0, 0, 1, 1, 0, 0, 2, 2, 2, 2, 1, 2, 2, 2, 2, 2, 2, 2, 2, 2, 1, 2, 2, 2, 1, 2, 2, 2, 0, 2, 2, 2, 0, 1, 2, 1, 0, 0, 0, 2, 1, 1, 1, 0, 1, 0, 2, 0, 2, 1, 2, 2, 2, 2, 0, 0, 2, 2, 2, 2, 2, 2, 2, 2, 2, 1, 2, 0, 0, 0, 2, 2, 0, 0, 2, 2, 2, 0, 2, 2, 0, 2, 0, 2, 2, 0, 2, 2, 2, 1, 0, 0, 0, 2, 2, 0, 2, 2, 2, 0, 0, 2, 2, 2, 0, 2, 0, 0, 2, 2, 2, 0, 0, 0, 0, 1, 0, 0, 0, 1, 2, 2, 0, 0, 0, 0, 1, 2, 2, 0, 0, 0, 0, 0, 2, 1, 0, 1, 2, 0, 0, 0, 2, 2, 2, 2, 1, 2, 1, 0, 1, 0, 1, 1, 2, 0, 0, 2, 0, 0, 0, 2, 2, 1, 2, 0, 0, 2, 2, 2, 2, 1, 0, 1, 0, 0, 1, 1, 2, 1, 1, 1, 1, 1, 1, 1, 0, 1, 0, 0, 1, 1, 0, 0, 0, 1, 1, 1, 1, 0, 1, 0, 0, 2, 1, 1, 0, 1, 0, 1, 0, 1, 1, 0, 1, 1, 1, 0, 0, 1, 1, 0, 1, 0, 0, 0, 1, 1, 1, 0, 0, 1, 1, 0, 1, 0, 0, 0, 2, 1, 0, 1, 2, 2, 0, 0, 2, 2, 2, 2, 2, 2, 0, 2, 0, 0, 1, 2, 2, 0, 0, 0, 0, 2, 0, 0, 0, 0, 0, 0, 0, 0, 0, 1, 0, 2, 2, 2, 0, 0, 0, 0, 2, 2, 0, 2, 0, 2, 2, 0, 2, 0, 0, 2, 2, 0, 0, 0, 0, 0, 0, 0, 1, 1, 1, 1, 1, 1, 1, 1, 1, 0, 1, 0, 1, 1, 0, 0, 0, 0, 1, 1, 1, 0, 1, 1, 1, 1, 1, 2, 1, 0, 0, 1, 1, 1, 2, 1, 1, 1, 1, 0, 1, 1, 1, 1, 1, 1, 1, 1, 1, 1, 0, 1, 1, 0, 1, 1, 1, 1, 1, 1, 1, 1, 1, 1, 1, 1, 1, 0, 0, 0, 1, 0, 1, 1, 1, 1, 0, 0, 0, 1, 1, 1, 1, 1, 1, 1, 1, 1, 1, 1, 1, 1, 1, 1, 1, 1, 1, 1, 2, 1, 0, 1, 1, 1, 1, 1, 1, 1, 1, 1, 1, 1, 1, 1, 1, 1, 0, 1, 0, 1, 1, 1, 1, 1, 1, 1, 1, 1, 1, 1, 1, 0, 2, 1, 0, 0, 1, 0, 0, 1, 2, 2, 1, 1, 2, 1, 0, 2, 2, 2, 2, 2, 2, 1, 1, 1, 1, 1, 1, 0, 1, 1, 1, 0, 1, 1, 0, 1, 1, 0, 0, 1, 1, 1, 1, 1, 1, 0, 1, 0, 1, 0, 1, 1, 2, 2, 2, 1, 0, 0, 2, 0, 2, 1, 1, 0, 1, 1, 2, 2, 1, 1, 2, 0, 0, 0, 1, 2, 0, 0, 0, 0, 0, 0, 0, 2, 1, 1, 0, 1, 2, 1, 0, 1, 0, 2, 1, 1, 1, 1, 1, 0, 0, 1, 1, 1, 0, 1, 1, 1, 1, 1, 1, 1, 1, 1, 1, 1, 2, 1, 0, 0, 1, 0, 1, 0, 1, 0, 2, 1, 1, 1, 1, 1, 1, 1, 1, 1, 1, 1, 1, 1, 1, 0, 0, 1, 0, 1, 1, 2, 1, 0, 1, 2, 0, 2, 1, 1, 2, 0, 0, 0, 1, 1, 1, 0, 0, 0, 1, 0, 0, 0, 0, 0, 1, 0, 2, 1, 1, 0, 1, 1, 0, 1, 1, 1, 1, 0, 0, 0, 0, 1, 1, 1, 1, 1, 1, 1, 0, 1, 1, 1, 1, 1, 1, 1, 1, 0, 0, 0, 1, 1, 0, 1, 1, 1, 1, 1, 1, 1, 0, 1, 1, 1, 1, 1, 1, 1, 1, 1, 1, 1, 1, 1, 1, 1, 0, 0, 0, 0, 1, 1, 1, 1, 1, 1, 1, 1, 1, 1, 1, 1, 1, 1, 1, 1, 1, 1, 1, 1, 1, 1, 1, 1, 1, 0, 0, 2, 2, 2, 2, 0, 1, 0, 1, 2, 0, 2, 2, 0, 2, 0, 2, 0, 0, 0, 0, 0, 0, 0, 2, 1, 0, 0, 0, 2, 1, 2, 1, 2, 2, 2, 0, 1, 1, 1, 1, 1, 2, 2, 2, 0, 0, 0, 0, 1, 0, 0, 0, 2, 2, 0, 0, 0, 0, 0, 0, 1, 1, 2, 2, 2, 2, 2, 2, 2, 2, 2, 2, 2, 2, 0, 2, 1, 0, 2, 2, 2, 0, 2, 2, 2, 2, 0, 0, 1, 0, 0, 2, 0, 0, 0, 2, 2, 0, 0, 1, 0, 0, 2, 0, 2, 2, 0, 0, 0, 1, 2, 1, 1, 1, 1, 1, 0, 1, 1, 1, 0, 1, 1, 1, 0, 2, 0, 2, 2, 1, 1, 0, 0, 0, 0, 1, 0, 1, 1, 1, 1, 1, 2, 2, 0, 2, 0, 0, 1, 1, 0, 1, 0, 1, 1, 1, 2, 2, 2, 0, 0, 1, 2, 0, 1, 0, 0, 0, 2, 1, 1, 0, 0, 1, 1, 1, 0, 1, 1, 1, 1, 2, 1, 2, 1, 1, 1, 1, 1, 1, 0, 2, 2, 0, 0, 2, 0, 2, 2, 1, 2, 2, 2, 2, 2, 2, 0, 0, 0, 0, 0, 0, 2, 0, 2, 2, 2, 0, 1, 1, 0, 2, 0, 0, 0, 0, 2, 2, 2, 2, 2, 2, 2, 2, 2, 2, 2, 0, 1, 0, 2, 2, 2, 2, 0, 0, 0, 2, 2, 0, 1, 2, 0, 1, 1, 0, 2, 0, 0, 0, 0, 2, 0, 0, 1, 1, 2, 1, 1, 0, 0, 2, 2, 1, 0, 2, 0, 0, 2, 2, 2, 0, 2, 2, 2, 2, 2, 2, 2, 2, 2, 2, 2, 2, 2, 2, 2, 2, 1, 1, 2, 2, 2, 2, 2, 2, 2, 2, 2, 2, 0, 1, 0, 0, 1, 1, 0, 1, 1, 0, 1, 1, 1, 1, 1, 0, 0, 0, 1, 0, 0, 2, 0, 2, 0, 0, 1, 2, 2, 0, 0, 1, 1, 1, 1, 1, 0, 1, 2, 2, 0, 2, 1, 1, 1, 1, 1, 1, 1, 1, 1, 1, 1, 1, 1, 1, 0, 1, 1, 1, 1, 1, 1, 1, 1, 1, 0, 1, 1, 1, 1, 1, 1, 2, 1, 1, 1, 1, 0, 1, 1, 1, 1, 1, 1, 1, 1, 1, 0, 1, 1, 0, 1, 1, 1, 0, 2, 1, 2, 0, 1, 1, 1, 1, 1, 1, 1, 1, 1, 1, 1, 0, 1, 1, 1, 1, 1, 1, 1, 0, 1, 1, 1, 1, 1, 0, 0, 1, 1, 0, 1, 1, 0, 1, 1, 2, 1, 1, 0, 2, 2, 0, 1, 0, 0, 1, 2, 0, 1, 0, 2, 1, 0, 0, 0, 1, 1, 1, 0, 0, 0, 2, 1, 2, 0, 2, 0, 0, 0, 1, 0, 2, 1, 1, 0, 1, 0, 1, 0, 1, 1, 1, 1, 0, 1, 2, 2, 0, 2, 1, 2, 0, 2, 2, 2, 2, 2, 1, 0, 0, 2, 0, 0, 2, 0, 2, 0, 2, 0, 0, 0, 0, 1, 1, 1, 1, 1, 0, 1, 1, 0, 1, 1, 1, 0, 0, 1, 1, 1, 1, 1, 0, 1, 1, 1, 1, 1, 1, 1, 1, 1, 1, 0, 1, 1, 1, 1, 1, 0, 1, 0, 1, 2, 0, 0, 1, 0, 0, 2, 0, 0, 1, 1, 1, 1, 2, 1, 1, 1, 1, 1, 0, 0, 1, 1, 1, 1, 1, 1, 0, 1, 1, 0, 1, 1, 1, 1, 1, 1, 1, 1, 1, 1, 1, 1, 1, 1, 1, 1, 0, 1, 1, 1, 1, 0, 1, 1, 1, 1, 1, 1, 1, 1, 1, 0, 1, 1, 1, 1, 1, 1, 1, 1, 1, 1, 1, 1, 2, 0, 1, 0, 1, 1, 1, 1, 1, 1, 1, 1, 1, 1, 1, 1, 1, 1, 1, 1, 1, 1, 1, 1, 1, 1, 1, 1, 1, 1, 1, 1, 1, 1, 1, 1, 1, 1, 1, 1, 1, 1, 1, 0, 0, 0, 0, 1, 1, 1, 1, 0, 0, 0, 0, 0, 1, 0, 0, 0, 0, 1, 1, 1, 0, 0, 1, 0, 1, 1, 1, 0, 1, 1, 1, 1, 1, 1, 1, 1, 1, 1, 1, 1, 1, 0, 1, 1, 1, 1, 1, 1, 1, 1, 1, 1, 1, 1, 1, 1, 1, 1, 1, 0, 0, 1, 1, 1, 1, 0, 1, 1, 0, 1, 1, 1, 1, 1, 0, 1, 0, 1, 1, 1, 1, 1, 1, 1, 1, 1, 1, 1, 1, 0, 1, 0, 1, 1, 1, 0, 1, 1, 1, 0, 1, 1, 1, 0, 0, 1, 1, 1, 0, 1, 1, 1, 1, 1, 1, 1, 1, 1, 1, 1, 1, 1, 1, 1, 1, 1, 1, 1, 1, 1, 1, 1, 1, 1, 1, 1, 1, 1, 1, 1, 1, 1, 1, 1, 1, 1, 1, 1, 1, 1, 1, 1, 1]  (index=1341)
Round-trip   : lossless

MTFT         : 
Iteraciones usadas: 1
Entropía de salida: 1.3393 bits/símbolo
Round-trip   : lossless

[Compresores] (entrada: cadena post-MTFT, 3354 símbolos)
Algoritmo       Tamaño (bytes)  Tasa de compresión  
-------------- -------------- ------------------
Huffman         590             0.1759               lossless  
ZIP             920             0.2743               lossless  
Aritmético      562             0.1676               lossless  
PPM             1495            0.4457               lossless  
=======================================================
3OT - 3354 símbolos

-------------------------------------------------------
--- 3OT ---
Longitud     : 3354
Original     : [2, 1, 0, 2, 1, 0, 2, 1, 0, 0, 1, 1, 2, 1, 2, 1, 1, 1, 0, 0, 1, 1, 1, 1, 2, 1, 2, 0, 1, 0, 1, 1, 1, 1, 1, 1, 0, 1, 1, 1, 1, 1, 1, 1, 1, 1, 1, 1, 1, 0, 1, 0, 1, 1, 1, 1, 1, 1, 1, 1, 1, 0, 1, 2, 1, 2, 1, 1, 1, 1, 1, 0, 1, 1, 1, 1, 1, 1, 0, 1, 1, 1, 1, 0, 1, 1, 0, 1, 1, 1, 1, 0, 1, 1, 0, 1, 1, 1, 1, 0, 0, 1, 1, 1, 1, 1, 1, 1, 0, 1, 2, 1, 1, 1, 2, 1, 0, 1, 1, 1, 1, 0, 0, 0, 1, 1, 1, 1, 0, 1, 1, 0, 0, 1, 1, 1, 1, 2, 1, 0, 2, 1, 0, 1, 1, 0, 1, 1, 0, 0, 1, 1, 1, 1, 2, 1, 0, 0, 2, 1, 1, 1, 2, 1, 2, 1, 1, 1, 2, 1, 0, 2, 1, 0, 1, 1, 2, 1, 0, 2, 1, 0, 1, 1, 0, 2, 1, 2, 1, 0, 1, 1, 2, 1, 0, 2, 1, 0, 2, 1, 2, 1, 1, 1, 2, 1, 0, 2, 1, 0, 0, 0, 0, 0, 0, 1, 1, 0, 2, 1, 0, 2, 1, 0, 0, 2, 1, 2, 1, 1, 1, 2, 1, 0, 2, 1, 2, 1, 0, 2, 1, 2, 1, 2, 1, 2, 1, 0, 2, 1, 2, 1, 0, 2, 1, 2, 1, 2, 1, 0, 0, 0, 2, 1, 0, 2, 1, 0, 2, 1, 2, 1, 0, 0, 0, 2, 1, 2, 1, 2, 1, 0, 2, 1, 2, 1, 0, 2, 1, 2, 1, 0, 2, 1, 2, 1, 0, 1, 1, 2, 1, 1, 1, 2, 0, 1, 2, 1, 0, 2, 1, 0, 2, 1, 2, 1, 0, 1, 1, 2, 1, 0, 0, 0, 0, 2, 1, 2, 1, 2, 1, 0, 2, 1, 2, 0, 1, 2, 1, 0, 0, 2, 1, 2, 1, 2, 1, 2, 1, 0, 2, 1, 0, 0, 0, 0, 1, 1, 2, 1, 0, 2, 1, 0, 2, 1, 2, 1, 0, 0, 1, 1, 2, 1, 2, 1, 2, 1, 2, 1, 0, 0, 0, 1, 1, 2, 1, 2, 1, 0, 0, 1, 1, 2, 1, 0, 2, 1, 0, 0, 1, 1, 0, 1, 1, 2, 1, 2, 1, 0, 1, 1, 2, 1, 2, 1, 0, 0, 1, 1, 2, 1, 2, 0, 1, 2, 1, 0, 2, 0, 1, 2, 1, 2, 1, 0, 0, 1, 0, 1, 2, 1, 0, 2, 1, 0, 0, 1, 1, 2, 1, 2, 1, 1, 1, 0, 1, 1, 0, 0, 1, 0, 1, 2, 1, 0, 2, 1, 0, 1, 1, 1, 1, 2, 1, 2, 0, 1, 0, 2, 1, 2, 0, 1, 0, 0, 1, 1, 2, 0, 1, 1, 0, 1, 1, 0, 0, 0, 2, 1, 1, 1, 1, 1, 0, 1, 0, 1, 1, 1, 0, 0, 0, 1, 1, 2, 1, 0, 1, 1, 0, 1, 1, 1, 1, 1, 1, 2, 0, 0, 1, 1, 1, 1, 1, 1, 0, 1, 0, 1, 2, 1, 2, 1, 1, 1, 0, 1, 0, 1, 0, 2, 1, 2, 0, 1, 1, 1, 0, 1, 1, 1, 1, 0, 0, 1, 1, 1, 1, 2, 1, 2, 1, 1, 0, 1, 0, 0, 1, 0, 1, 2, 1, 2, 1, 1, 1, 0, 0, 1, 1, 1, 1, 1, 1, 1, 1, 0, 0, 1, 1, 1, 1, 0, 0, 1, 1, 1, 1, 0, 0, 1, 1, 1, 1, 0, 0, 1, 1, 1, 1, 2, 1, 2, 0, 1, 2, 1, 0, 2, 0, 1, 2, 1, 2, 1, 0, 0, 1, 1, 2, 1, 2, 1, 0, 1, 1, 2, 1, 2, 1, 0, 0, 0, 0, 1, 1, 2, 1, 0, 2, 1, 2, 1, 0, 2, 1, 2, 1, 0, 1, 1, 1, 1, 2, 1, 2, 1, 1, 1, 2, 1, 1, 1, 0, 1, 1, 1, 2, 0, 1, 0, 1, 1, 0, 1, 2, 1, 2, 1, 1, 1, 0, 0, 0, 0, 1, 1, 2, 1, 0, 2, 1, 2, 1, 2, 1, 0, 2, 1, 0, 0, 0, 0, 1, 1, 0, 2, 1, 2, 0, 1, 2, 1, 0, 2, 1, 0, 1, 1, 0, 0, 1, 0, 1, 2, 1, 0, 2, 0, 1, 2, 1, 0, 2, 0, 1, 0, 0, 1, 1, 0, 1, 1, 0, 0, 1, 0, 1, 0, 2, 1, 2, 0, 1, 1, 1, 0, 0, 1, 1, 1, 1, 1, 1, 2, 1, 2, 1, 1, 1, 0, 1, 0, 1, 0, 0, 1, 1, 0, 1, 0, 1, 2, 1, 0, 2, 0, 1, 1, 1, 0, 0, 1, 1, 1, 1, 0, 1, 1, 0, 0, 1, 1, 1, 0, 1, 0, 1, 1, 1, 1, 0, 1, 1, 0, 0, 1, 0, 1, 1, 1, 0, 1, 1, 0, 2, 1, 1, 1, 1, 1, 1, 1, 0, 0, 2, 1, 0, 2, 1, 2, 1, 2, 1, 0, 2, 0, 1, 1, 1, 0, 2, 2, 1, 2, 1, 1, 1, 0, 1, 1, 0, 1, 1, 0, 1, 1, 0, 0, 1, 0, 1, 2, 1, 2, 1, 1, 1, 0, 0, 1, 1, 1, 1, 0, 0, 1, 1, 1, 1, 1, 1, 2, 1, 2, 1, 0, 0, 1, 0, 1, 0, 1, 1, 2, 1, 2, 1, 1, 1, 1, 1, 1, 1, 2, 1, 2, 1, 1, 1, 2, 1, 2, 0, 1, 0, 1, 1, 1, 1, 0, 0, 1, 1, 1, 1, 1, 1, 1, 1, 0, 1, 0, 1, 0, 1, 1, 0, 1, 0, 1, 0, 1, 0, 1, 0, 1, 1, 1, 1, 1, 0, 1, 1, 1, 1, 1, 0, 1, 1, 1, 2, 1, 2, 0, 1, 0, 1, 1, 1, 1, 0, 1, 1, 1, 1, 0, 0, 1, 0, 1, 2, 1, 2, 0, 1, 2, 1, 0, 2, 1, 2, 0, 1, 2, 1, 0, 2, 0, 1, 1, 0, 2, 1, 1, 0, 1, 1, 0, 1, 1, 0, 0, 1, 1, 0, 1, 1, 0, 0, 1, 1, 1, 1, 2, 1, 2, 0, 1, 0, 1, 1, 1, 1, 1, 1, 0, 1, 1, 1, 1, 1, 1, 1, 0, 1, 2, 1, 2, 1, 1, 0, 1, 1, 1, 1, 1, 1, 1, 1, 1, 1, 2, 1, 2, 1, 1, 1, 1, 1, 1, 1, 0, 1, 1, 2, 1, 2, 0, 1, 0, 1, 1, 0, 0, 1, 0, 1, 0, 1, 1, 0, 1, 1, 2, 1, 2, 1, 1, 1, 0, 0, 1, 1, 1, 1, 1, 1, 0, 1, 1, 0, 0, 0, 1, 1, 1, 1, 0, 0, 1, 1, 1, 1, 0, 0, 1, 1, 0, 1, 1, 0, 1, 1, 0, 0, 1, 0, 1, 0, 1, 1, 2, 1, 1, 1, 1, 1, 1, 0, 1, 0, 0, 1, 0, 1, 2, 1, 2, 1, 0, 2, 1, 2, 1, 2, 1, 1, 1, 1, 1, 2, 1, 0, 0, 0, 0, 1, 1, 1, 1, 1, 0, 2, 0, 1, 0, 1, 0, 1, 1, 1, 1, 0, 1, 1, 0, 1, 1, 1, 1, 1, 1, 0, 1, 0, 1, 0, 1, 1, 1, 1, 1, 1, 1, 1, 0, 1, 0, 1, 0, 1, 1, 0, 1, 0, 0, 1, 1, 1, 1, 1, 0, 1, 0, 1, 0, 1, 1, 1, 0, 1, 1, 1, 0, 1, 0, 1, 1, 0, 1, 1, 1, 0, 1, 0, 1, 1, 1, 1, 0, 1, 0, 1, 1, 0, 1, 0, 0, 1, 1, 1, 1, 1, 0, 1, 0, 1, 1, 1, 1, 0, 1, 0, 1, 0, 1, 1, 1, 1, 2, 1, 2, 0, 1, 1, 1, 0, 1, 1, 1, 1, 0, 1, 1, 1, 1, 1, 1, 0, 1, 1, 1, 1, 1, 1, 0, 1, 1, 1, 1, 0, 1, 1, 1, 1, 0, 1, 1, 1, 1, 0, 1, 1, 0, 1, 1, 1, 0, 1, 2, 1, 2, 1, 0, 1, 1, 1, 1, 2, 1, 2, 0, 1, 1, 1, 2, 1, 2, 0, 1, 0, 1, 1, 1, 1, 0, 1, 1, 1, 1, 2, 1, 2, 1, 1, 1, 0, 1, 1, 1, 1, 0, 0, 1, 0, 1, 2, 1, 2, 0, 1, 2, 1, 2, 1, 1, 1, 0, 1, 1, 0, 1, 1, 0, 1, 1, 2, 1, 2, 0, 1, 2, 1, 2, 1, 1, 0, 1, 2, 1, 0, 2, 0, 1, 0, 0, 1, 0, 1, 2, 1, 2, 1, 2, 1, 2, 1, 1, 1, 2, 1, 2, 1, 1, 1, 0, 1, 1, 0, 2, 1, 2, 0, 1, 2, 1, 2, 0, 1, 0, 2, 1, 2, 1, 1, 1, 0, 1, 1, 0, 2, 1, 2, 1, 0, 0, 1, 1, 2, 1, 2, 1, 1, 1, 2, 1, 2, 1, 0, 1, 1, 0, 2, 1, 2, 1, 1, 1, 0, 2, 1, 2, 1, 0, 1, 1, 0, 2, 1, 2, 1, 0, 1, 1, 0, 0, 0, 1, 0, 1, 2, 1, 0, 2, 1, 2, 1, 2, 1, 2, 1, 2, 1, 1, 1, 2, 1, 2, 1, 0, 0, 0, 0, 0, 1, 1, 0, 0, 0, 2, 1, 2, 0, 1, 0, 2, 1, 2, 1, 2, 1, 0, 2, 1, 0, 2, 1, 2, 1, 2, 1, 2, 1, 0, 2, 1, 2, 1, 0, 0, 0, 0, 2, 1, 2, 1, 0, 0, 0, 0, 0, 2, 1, 0, 0, 0, 0, 2, 1, 2, 0, 1, 2, 1, 0, 0, 2, 1, 1, 1, 2, 1, 2, 1, 1, 1, 0, 0, 0, 1, 1, 0, 0, 1, 1, 1, 1, 2, 1, 2, 1, 0, 1, 1, 0, 0, 1, 1, 0, 1, 0, 1, 0, 1, 1, 0, 0, 1, 0, 1, 1, 1, 0, 1, 1, 1, 1, 1, 1, 1, 0, 1, 1, 0, 2, 1, 2, 1, 0, 0, 1, 1, 0, 0, 0, 2, 1, 0, 2, 1, 0, 0, 1, 1, 2, 1, 0, 1, 1, 0, 0, 0, 1, 1, 2, 1, 2, 0, 1, 2, 1, 2, 1, 0, 1, 1, 0, 0, 1, 1, 0, 1, 1, 0, 0, 1, 1, 1, 1, 0, 0, 1, 1, 0, 0, 1, 1, 1, 1, 2, 1, 2, 0, 1, 0, 1, 0, 1, 0, 1, 1, 0, 1, 0, 1, 0, 1, 1, 1, 1, 1, 1, 1, 1, 0, 1, 1, 0, 1, 1, 0, 1, 0, 1, 2, 1, 2, 1, 1, 1, 0, 0, 0, 0, 1, 0, 1, 0, 1, 1, 2, 1, 2, 1, 1, 1, 0, 1, 1, 0, 1, 1, 1, 1, 1, 1, 0, 0, 1, 1, 1, 1, 0, 0, 1, 1, 0, 0, 1, 0, 1, 0, 0, 1, 1, 0, 0, 0, 1, 1, 0, 1, 1, 1, 1, 0, 0, 1, 1, 1, 1, 1, 1, 1, 1, 2, 1, 2, 1, 1, 1, 0, 1, 1, 0, 0, 1, 1, 0, 0, 1, 1, 2, 1, 2, 1, 0, 1, 1, 0, 1, 1, 1, 1, 0, 1, 1, 0, 1, 1, 1, 1, 2, 1, 2, 1, 1, 1, 1, 1, 0, 1, 0, 1, 0, 1, 1, 1, 1, 1, 1, 0, 0, 1, 1, 1, 1, 1, 1, 0, 1, 0, 1, 0, 1, 1, 1, 1, 1, 1, 1, 1, 0, 1, 1, 1, 0, 0, 1, 0, 1, 0, 0, 1, 0, 1, 0, 0, 1, 0, 1, 0, 0, 0, 1, 1, 0, 1, 1, 0, 0, 1, 1, 2, 1, 2, 0, 1, 0, 2, 1, 2, 1, 1, 2, 1, 1, 1, 1, 1, 0, 1, 0, 1, 0, 1, 0, 1, 2, 1, 2, 0, 1, 0, 1, 1, 1, 1, 0, 1, 1, 0, 0, 0, 1, 1, 0, 0, 0, 1, 1, 0, 0, 0, 0, 1, 1, 0, 0, 0, 0, 0, 0, 0, 1, 1, 2, 1, 0, 2, 0, 1, 2, 1, 2, 1, 0, 0, 1, 1, 0, 0, 1, 1, 2, 1, 0, 2, 1, 0, 2, 1, 2, 1, 2, 1, 0, 0, 1, 1, 2, 1, 2, 0, 1, 0, 1, 1, 0, 0, 1, 0, 1, 0, 0, 1, 1, 2, 1, 0, 1, 1, 2, 1, 0, 2, 1, 0, 0, 0, 1, 1, 2, 1, 0, 2, 1, 0, 2, 1, 0, 0, 2, 1, 2, 0, 1, 0, 1, 0, 1, 0, 1, 1, 1, 1, 1, 0, 1, 1, 1, 1, 0, 1, 0, 1, 0, 1, 2, 1, 2, 1, 0, 0, 0, 1, 1, 0, 2, 1, 2, 1, 2, 1, 0, 0, 0, 2, 1, 1, 1, 1, 1, 0, 1, 0, 1, 1, 0, 0, 1, 1, 1, 0, 1, 2, 1, 0, 1, 1, 0, 0, 0, 1, 1, 2, 1, 2, 1, 2, 1, 1, 1, 2, 1, 2, 0, 1, 0, 1, 2, 1, 2, 1, 1, 1, 0, 1, 1, 0, 1, 1, 0, 1, 1, 1, 0, 1, 1, 0, 0, 0, 1, 1, 0, 0, 0, 2, 1, 2, 1, 2, 1, 0, 2, 1, 2, 1, 2, 1, 0, 0, 0, 1, 1, 1, 0, 1, 1, 1, 1, 1, 1, 1, 1, 0, 1, 0, 1, 0, 1, 0, 0, 1, 1, 0, 0, 1, 1, 2, 1, 0, 0, 0, 0, 0, 0, 2, 1, 2, 0, 1, 2, 0, 1, 0, 0, 0, 1, 1, 0, 1, 1, 0, 1, 1, 0, 0, 0, 1, 0, 1, 2, 1, 0, 2, 1, 2, 1, 1, 1, 0, 0, 1, 1, 0, 1, 1, 2, 1, 2, 1, 0, 0, 1, 1, 1, 1, 1, 1, 1, 1, 2, 1, 2, 0, 1, 0, 2, 1, 2, 0, 1, 0, 0, 1, 0, 1, 0, 1, 0, 1, 1, 1, 0, 1, 1, 1, 1, 0, 1, 2, 1, 2, 1, 1, 0, 1, 0, 0, 1, 1, 0, 1, 1, 2, 1, 2, 0, 1, 0, 0, 1, 1, 1, 1, 2, 1, 2, 1, 0, 0, 1, 1, 0, 2, 1, 2, 1, 0, 1, 1, 2, 1, 2, 0, 1, 0, 1, 1, 1, 1, 1, 0, 1, 0, 0, 0, 1, 1, 0, 1, 1, 1, 1, 0, 2, 1, 0, 0, 2, 0, 1, 0, 2, 1, 2, 0, 1, 1, 1, 0, 2, 1, 2, 0, 1, 0, 2, 1, 2, 1, 2, 1, 0, 2, 0, 1, 2, 1, 2, 1, 0, 0, 0, 1, 0, 0, 1, 0, 2, 1, 2, 1, 2, 1, 2, 1, 0, 1, 2, 0, 0, 0, 0, 1, 1, 0, 0, 0, 1, 1, 2, 1, 2, 1, 1, 1, 0, 0, 1, 1, 1, 1, 1, 1, 0, 1, 1, 1, 1, 1, 1, 1, 2, 1, 1, 1, 1, 0, 1, 0, 1, 1, 1, 1, 0, 1, 1, 1, 0, 0, 1, 0, 1, 1, 2, 0, 1, 1, 0, 0, 1, 1, 2, 0, 1, 2, 1, 2, 1, 0, 1, 0, 0, 1, 2, 1, 1, 1, 2, 0, 1, 0, 2, 1, 2, 1, 1, 1, 2, 1, 0, 1, 1, 2, 1, 1, 1, 2, 0, 1, 2, 1, 0, 1, 1, 2, 1, 0, 1, 1, 2, 1, 0, 0, 0, 1, 1, 0, 1, 0, 1, 2, 1, 1, 1, 0, 0, 1, 1, 0, 2, 1, 2, 1, 2, 1, 0, 1, 1, 0, 2, 1, 2, 1, 0, 1, 1, 0, 0, 0, 0, 1, 1, 2, 1, 0, 2, 1, 0, 0, 1, 1, 2, 1, 2, 1, 0, 2, 1, 2, 1, 2, 1, 1, 1, 2, 1, 2, 0, 1, 0, 1, 1, 2, 1, 2, 1, 1, 1, 1, 1, 1, 1, 0, 1, 0, 1, 1, 0, 1, 1, 1, 2, 1, 2, 1, 0, 0, 1, 1, 0, 1, 1, 0, 1, 1, 1, 1, 1, 1, 1, 1, 0, 1, 1, 1, 1, 1, 2, 1, 0, 2, 0, 1, 2, 1, 2, 1, 0, 2, 1, 0, 2, 1, 2, 0, 1, 2, 1, 2, 0, 1, 2, 1, 0, 0, 1, 1, 1, 0, 1, 0, 1, 0, 1, 0, 1, 1, 1, 1, 2, 1, 2, 1, 1, 1, 2, 1, 0, 2, 1, 2, 0, 1, 2, 1, 2, 1, 1, 1, 1, 1, 1, 1, 0, 0, 1, 1, 2, 1, 2, 1, 0, 2, 1, 0, 0, 1, 1, 0, 1, 0, 1, 1, 1, 2, 1, 2, 0, 1, 1, 1, 0, 1, 1, 0, 2, 1, 2, 0, 1, 2, 0, 1, 2, 1, 0, 0, 2, 1, 1, 1, 1, 1, 0, 1, 0, 0, 1, 1, 1, 2, 1, 2, 0, 1, 0, 0, 0, 0, 2, 1, 0, 1, 1, 0, 1, 0, 1, 1, 1, 1, 1, 0, 1, 1, 2, 1, 2, 0, 1, 0, 2, 1, 2, 1, 2, 1, 1, 1, 2, 1, 2, 1, 1, 1, 0, 1, 0, 1, 1, 1, 1, 2, 1, 2, 0, 1, 0, 0, 1, 1, 1, 1, 1, 1, 0, 1, 0, 1, 1, 0, 2, 1, 2, 0, 1, 2, 1, 0, 0, 2, 1, 0, 0, 1, 1, 0, 0, 1, 1, 1, 0, 1, 0, 1, 0, 1, 1, 0, 0, 1, 1, 1, 1, 0, 1, 1, 0, 2, 1, 2, 0, 1, 0, 0, 1, 1, 1, 1, 1, 0, 1, 0, 1, 0, 0, 1, 1, 1, 1, 1, 1, 0, 1, 1, 1, 1, 1, 0, 1, 1, 1, 1, 0, 1, 1, 0, 1, 1, 0, 0, 0, 1, 1, 2, 1, 2, 1, 0, 2, 1, 0, 2, 1, 0, 0, 1, 1, 1, 1, 2, 1, 2, 1, 1, 0, 1, 2, 1, 2, 1, 0, 1, 1, 0, 0, 0, 1, 0, 1, 2, 1, 2, 1, 1, 1, 0, 0, 0, 0, 1, 1, 2, 1, 0, 0, 0, 0, 0, 1, 1, 2, 1, 2, 1, 0, 1, 1, 0, 0, 1, 1, 0, 2, 0, 2, 1, 0, 0, 0, 1, 1, 0, 0, 0, 1, 1, 2, 1, 2, 1, 1, 1, 2, 1, 0, 2, 1, 2, 1, 0, 0, 0, 0, 1, 1, 2, 1, 0, 2, 1, 2, 1, 0, 2, 1, 0, 1, 1, 0, 1, 1, 0, 0, 1, 1, 1, 1, 2, 1, 2, 1, 1, 1, 0, 1, 1, 0, 1, 1, 1, 1, 1, 1, 0, 1, 1, 0, 0, 1, 0, 1, 2, 1, 2, 0, 1, 2, 1, 0, 2, 0, 1, 2, 1, 0, 2, 0, 1, 0, 0, 1, 1, 0, 1, 0, 1, 0, 1, 1, 1, 1, 0, 1, 1, 1, 1, 1, 1, 1, 1, 1, 1, 1, 0, 0, 1, 1, 1, 1, 1, 2, 1, 2, 1, 1, 1, 2, 1, 2, 0, 1, 0, 1, 1, 1, 1, 1, 1, 1, 1, 0, 1, 1, 1, 0, 1, 0, 1, 0, 1, 1, 0, 1, 1, 1, 0, 1, 1, 0, 1, 0, 1, 0, 1, 1, 1, 1, 0, 1, 1, 1, 1, 1, 1, 1, 1, 0, 0, 1, 0, 1, 0, 1, 0, 1, 1, 1, 1, 1, 0, 1, 0, 1, 0, 1, 1, 1, 1, 0, 1, 1, 0, 0, 1, 1, 2, 1, 2, 1, 1, 1, 0, 0, 1, 1, 1, 1, 1, 1, 2, 1, 2, 1, 1, 1, 0, 0, 1, 1, 1, 1, 0, 1, 1, 0, 1, 0, 1, 0, 0, 1, 1, 0, 0, 1, 0, 1, 0, 1, 1, 1, 0, 1, 0, 1, 1, 1, 2, 1, 2, 0, 1, 1, 1, 1, 1, 0, 1, 1, 1, 1, 1, 1, 0, 0, 1, 0, 1, 2, 1, 2, 1, 1, 1, 0, 0, 1, 1]
BWT          : [1, 1, 0, 1, 1, 0, 0, 1, 1, 0, 1, 1, 2, 0, 0, 1, 1, 1, 0, 1, 1, 1, 1, 1, 0, 0, 1, 0, 1, 1, 1, 1, 0, 1, 1, 1, 0, 1, 1, 0, 1, 0, 1, 1, 1, 1, 1, 1, 1, 0, 0, 1, 1, 1, 1, 0, 0, 1, 0, 0, 1, 0, 0, 0, 0, 1, 1, 0, 1, 1, 1, 1, 0, 0, 1, 1, 1, 1, 1, 0, 0, 0, 0, 1, 1, 0, 1, 1, 1, 1, 1, 1, 1, 1, 1, 1, 0, 1, 1, 1, 1, 1, 1, 1, 1, 0, 0, 1, 1, 1, 1, 0, 1, 1, 1, 1, 1, 0, 0, 0, 1, 0, 0, 1, 0, 0, 1, 1, 1, 1, 0, 1, 1, 1, 1, 1, 1, 1, 0, 1, 1, 1, 0, 0, 1, 1, 0, 0, 1, 1, 1, 1, 0, 0, 1, 0, 1, 1, 1, 1, 0, 1, 1, 1, 1, 0, 1, 1, 1, 1, 1, 0, 1, 1, 1, 1, 1, 0, 1, 1, 2, 1, 1, 1, 1, 1, 1, 1, 1, 1, 1, 1, 1, 1, 1, 1, 1, 1, 1, 1, 1, 1, 1, 1, 1, 1, 1, 1, 0, 1, 0, 1, 0, 1, 0, 1, 0, 0, 1, 0, 0, 0, 1, 1, 1, 0, 0, 0, 1, 1, 1, 0, 1, 0, 1, 1, 1, 0, 1, 0, 1, 1, 1, 0, 1, 0, 0, 0, 1, 1, 0, 0, 1, 1, 1, 0, 0, 0, 0, 1, 0, 0, 0, 1, 2, 1, 2, 1, 1, 1, 2, 1, 1, 2, 0, 1, 1, 1, 2, 1, 2, 1, 2, 1, 1, 2, 1, 2, 1, 2, 1, 1, 0, 0, 0, 0, 1, 1, 1, 1, 0, 1, 1, 2, 0, 0, 2, 1, 1, 1, 1, 1, 1, 1, 1, 1, 0, 0, 1, 1, 1, 2, 1, 1, 1, 1, 1, 1, 1, 1, 1, 1, 1, 0, 0, 0, 1, 1, 0, 1, 2, 2, 1, 1, 1, 1, 1, 1, 1, 1, 1, 1, 1, 2, 1, 1, 1, 0, 1, 1, 0, 2, 1, 1, 2, 1, 1, 1, 1, 2, 1, 1, 2, 2, 1, 1, 1, 1, 1, 2, 2, 1, 1, 1, 2, 1, 1, 1, 1, 1, 1, 0, 1, 1, 2, 1, 1, 0, 0, 0, 0, 0, 1, 1, 0, 0, 0, 1, 0, 1, 0, 0, 0, 0, 1, 2, 0, 2, 2, 1, 1, 2, 2, 2, 2, 2, 2, 2, 0, 0, 0, 1, 1, 1, 1, 0, 1, 1, 0, 1, 1, 1, 0, 0, 1, 0, 1, 0, 0, 0, 1, 1, 0, 1, 1, 1, 1, 1, 1, 1, 1, 1, 1, 1, 1, 1, 0, 1, 1, 1, 1, 1, 1, 0, 1, 0, 1, 2, 0, 0, 1, 0, 1, 1, 1, 1, 1, 0, 1, 0, 1, 1, 0, 0, 0, 1, 1, 1, 2, 1, 0, 1, 1, 0, 1, 0, 1, 0, 1, 0, 0, 1, 1, 0, 1, 1, 1, 1, 1, 1, 0, 1, 1, 0, 1, 1, 1, 1, 1, 1, 1, 0, 1, 0, 0, 1, 1, 0, 0, 2, 1, 1, 1, 1, 0, 1, 1, 1, 1, 1, 1, 0, 1, 0, 0, 1, 1, 1, 2, 2, 0, 0, 1, 1, 1, 0, 1, 1, 1, 1, 2, 1, 2, 2, 1, 1, 0, 0, 1, 2, 2, 1, 1, 1, 0, 0, 0, 0, 0, 0, 1, 1, 1, 0, 0, 1, 1, 1, 1, 1, 1, 0, 0, 1, 0, 1, 1, 1, 1, 1, 1, 0, 1, 1, 1, 1, 1, 1, 1, 1, 1, 1, 1, 0, 0, 1, 0, 1, 1, 1, 2, 1, 1, 0, 1, 1, 1, 1, 0, 0, 0, 0, 1, 1, 1, 0, 1, 1, 1, 0, 1, 0, 1, 1, 0, 1, 1, 0, 1, 1, 1, 1, 1, 1, 1, 1, 0, 0, 1, 1, 0, 0, 0, 1, 0, 0, 0, 1, 0, 0, 0, 1, 1, 1, 0, 0, 0, 0, 0, 0, 1, 1, 1, 1, 1, 0, 1, 2, 1, 1, 1, 1, 0, 0, 0, 0, 1, 1, 0, 0, 1, 0, 0, 1, 0, 0, 1, 0, 0, 0, 1, 0, 0, 0, 0, 1, 1, 1, 1, 0, 1, 1, 0, 1, 0, 0, 1, 1, 1, 0, 1, 0, 0, 0, 1, 0, 0, 0, 1, 0, 0, 0, 0, 1, 1, 1, 0, 0, 0, 0, 1, 2, 2, 2, 2, 2, 2, 2, 1, 2, 1, 2, 2, 2, 1, 2, 1, 2, 2, 1, 2, 1, 2, 2, 1, 1, 1, 0, 1, 1, 2, 2, 1, 1, 1, 2, 1, 2, 2, 2, 2, 1, 2, 1, 2, 1, 1, 1, 2, 1, 1, 1, 1, 1, 1, 1, 1, 2, 1, 2, 1, 1, 1, 1, 1, 0, 1, 1, 1, 1, 1, 1, 1, 1, 1, 1, 1, 1, 1, 1, 0, 2, 1, 0, 1, 1, 1, 1, 1, 1, 1, 1, 1, 1, 1, 0, 1, 1, 1, 1, 1, 1, 0, 1, 1, 1, 0, 1, 1, 1, 1, 1, 1, 0, 1, 1, 0, 0, 0, 1, 0, 0, 1, 1, 1, 0, 1, 0, 1, 1, 1, 0, 1, 1, 0, 1, 1, 1, 1, 1, 1, 0, 1, 1, 1, 1, 1, 1, 1, 1, 1, 1, 1, 1, 1, 1, 1, 1, 1, 1, 1, 1, 1, 1, 1, 1, 1, 0, 1, 1, 1, 1, 1, 1, 1, 1, 1, 1, 0, 0, 0, 1, 1, 1, 1, 0, 1, 1, 1, 1, 1, 2, 2, 2, 2, 2, 1, 1, 2, 2, 1, 1, 2, 2, 2, 1, 0, 2, 2, 2, 2, 1, 1, 1, 1, 1, 2, 1, 1, 2, 0, 0, 1, 0, 2, 2, 1, 1, 1, 2, 1, 2, 1, 1, 1, 1, 1, 2, 2, 1, 1, 2, 1, 0, 0, 1, 1, 1, 0, 1, 1, 1, 1, 2, 1, 1, 1, 1, 1, 2, 1, 1, 1, 1, 0, 1, 0, 1, 0, 0, 0, 2, 1, 0, 2, 1, 0, 2, 1, 1, 0, 2, 0, 0, 1, 1, 1, 2, 0, 1, 2, 1, 2, 1, 2, 1, 1, 1, 1, 1, 1, 1, 1, 1, 1, 1, 1, 1, 0, 0, 0, 1, 0, 1, 0, 1, 1, 1, 1, 2, 1, 1, 1, 1, 1, 1, 1, 1, 1, 1, 1, 0, 1, 1, 2, 1, 0, 0, 1, 1, 2, 0, 2, 1, 1, 2, 1, 2, 1, 2, 1, 2, 1, 2, 2, 2, 2, 0, 2, 2, 1, 2, 2, 2, 2, 2, 2, 0, 1, 0, 0, 1, 1, 0, 0, 0, 0, 1, 1, 1, 0, 1, 0, 2, 1, 0, 1, 1, 1, 1, 0, 1, 1, 1, 1, 1, 1, 0, 1, 1, 0, 1, 1, 1, 0, 0, 0, 1, 1, 1, 1, 1, 0, 0, 1, 1, 0, 1, 0, 0, 1, 0, 0, 1, 0, 1, 0, 1, 1, 0, 0, 0, 1, 1, 1, 0, 0, 1, 0, 0, 0, 0, 0, 1, 0, 0, 0, 0, 1, 1, 0, 0, 1, 1, 0, 0, 0, 1, 1, 0, 0, 1, 1, 0, 0, 2, 1, 2, 2, 1, 1, 1, 2, 1, 2, 1, 0, 0, 1, 1, 1, 0, 2, 1, 1, 1, 1, 2, 2, 1, 2, 1, 0, 1, 0, 1, 1, 1, 1, 1, 1, 0, 0, 1, 0, 1, 0, 2, 1, 1, 1, 1, 1, 1, 2, 2, 1, 1, 1, 1, 0, 1, 0, 1, 1, 1, 2, 1, 1, 1, 1, 2, 1, 0, 1, 0, 0, 1, 1, 1, 0, 1, 1, 1, 2, 2, 2, 2, 0, 1, 1, 1, 1, 1, 0, 1, 1, 0, 0, 0, 0, 1, 2, 1, 1, 1, 0, 1, 1, 0, 1, 0, 0, 0, 0, 1, 1, 1, 1, 0, 1, 0, 0, 1, 1, 1, 0, 0, 0, 1, 1, 0, 0, 0, 1, 0, 1, 0, 1, 1, 0, 1, 1, 1, 1, 1, 0, 0, 1, 1, 1, 1, 0, 0, 0, 0, 1, 0, 1, 1, 1, 1, 1, 1, 0, 2, 0, 2, 1, 1, 0, 2, 1, 1, 0, 0, 1, 0, 2, 2, 2, 2, 2, 2, 0, 2, 2, 1, 1, 2, 1, 1, 2, 1, 2, 1, 1, 0, 0, 0, 2, 1, 1, 0, 0, 0, 0, 0, 0, 0, 1, 0, 0, 0, 0, 0, 1, 1, 0, 1, 1, 0, 0, 1, 0, 0, 0, 0, 0, 1, 0, 2, 2, 2, 1, 2, 2, 2, 2, 2, 2, 2, 2, 2, 2, 1, 2, 2, 2, 2, 2, 2, 2, 2, 2, 2, 2, 1, 2, 2, 2, 2, 2, 2, 2, 2, 2, 2, 2, 1, 2, 2, 2, 2, 2, 2, 2, 1, 1, 0, 1, 0, 1, 0, 0, 0, 1, 1, 2, 2, 1, 1, 2, 2, 2, 2, 2, 1, 1, 2, 1, 1, 1, 2, 2, 1, 2, 1, 2, 2, 2, 2, 2, 2, 2, 0, 1, 0, 2, 0, 2, 2, 1, 2, 1, 2, 0, 2, 0, 2, 2, 0, 0, 2, 2, 2, 1, 0, 1, 0, 1, 0, 1, 0, 0, 0, 0, 0, 0, 1, 0, 0, 1, 1, 0, 0, 0, 0, 0, 0, 0, 0, 0, 1, 0, 0, 1, 0, 0, 0, 0, 0, 0, 1, 0, 0, 0, 1, 1, 0, 1, 1, 1, 0, 0, 0, 0, 1, 1, 0, 1, 0, 0, 0, 1, 0, 1, 1, 1, 1, 1, 1, 1, 0, 1, 1, 1, 1, 1, 1, 1, 1, 1, 1, 1, 0, 0, 0, 0, 1, 1, 0, 1, 0, 0, 0, 1, 0, 0, 0, 1, 0, 1, 1, 1, 2, 2, 0, 0, 1, 0, 1, 1, 1, 0, 1, 1, 0, 1, 1, 1, 1, 1, 1, 0, 0, 1, 1, 0, 1, 1, 1, 1, 1, 1, 1, 1, 1, 1, 1, 1, 1, 1, 0, 1, 1, 0, 1, 0, 0, 0, 1, 0, 1, 1, 1, 0, 0, 0, 0, 1, 1, 1, 0, 1, 0, 1, 0, 0, 1, 0, 0, 0, 1, 1, 1, 0, 0, 1, 0, 0, 2, 1, 1, 1, 1, 0, 1, 1, 1, 1, 1, 1, 0, 1, 0, 1, 1, 1, 1, 1, 1, 1, 1, 1, 1, 0, 0, 0, 0, 1, 1, 0, 0, 1, 1, 1, 1, 0, 1, 0, 1, 1, 1, 1, 0, 1, 1, 1, 0, 0, 0, 1, 1, 1, 1, 1, 1, 1, 0, 1, 1, 2, 1, 0, 1, 1, 0, 1, 1, 0, 0, 1, 1, 0, 0, 0, 0, 1, 2, 1, 2, 1, 1, 1, 0, 1, 1, 0, 1, 0, 0, 0, 0, 1, 0, 0, 0, 0, 0, 0, 0, 0, 1, 0, 0, 0, 0, 0, 1, 2, 2, 2, 2, 1, 0, 0, 1, 0, 1, 1, 1, 1, 1, 1, 2, 2, 1, 1, 1, 1, 2, 1, 0, 2, 1, 2, 2, 1, 2, 1, 1, 1, 2, 0, 1, 2, 1, 1, 2, 1, 1, 1, 1, 1, 2, 1, 1, 0, 1, 0, 1, 1, 0, 1, 1, 1, 1, 1, 1, 1, 2, 1, 1, 0, 1, 1, 1, 1, 0, 0, 1, 1, 2, 0, 1, 1, 0, 1, 1, 2, 1, 2, 1, 1, 1, 1, 0, 1, 1, 2, 2, 2, 1, 1, 1, 2, 1, 2, 1, 0, 1, 0, 2, 1, 2, 1, 1, 1, 0, 1, 2, 0, 1, 1, 1, 1, 1, 1, 0, 0, 1, 1, 1, 1, 1, 1, 0, 1, 1, 0, 1, 1, 1, 1, 1, 2, 1, 1, 1, 0, 1, 0, 1, 1, 1, 1, 1, 0, 2, 0, 0, 1, 0, 0, 1, 0, 0, 0, 1, 0, 1, 0, 0, 1, 0, 0, 0, 0, 1, 0, 0, 1, 1, 1, 1, 1, 1, 1, 1, 1, 1, 1, 1, 1, 1, 1, 0, 0, 1, 0, 1, 1, 1, 1, 2, 1, 1, 0, 1, 0, 1, 0, 0, 0, 0, 0, 1, 0, 0, 0, 0, 0, 0, 1, 1, 0, 1, 0, 1, 1, 0, 1, 0, 1, 1, 1, 1, 1, 1, 0, 1, 0, 0, 1, 1, 1, 0, 1, 1, 1, 1, 0, 1, 1, 1, 0, 1, 1, 1, 1, 1, 1, 1, 1, 0, 1, 2, 0, 1, 2, 1, 1, 0, 0, 2, 1, 1, 2, 1, 1, 2, 0, 1, 1, 1, 1, 1, 1, 1, 1, 0, 0, 1, 1, 1, 0, 0, 2, 1, 1, 1, 1, 1, 0, 1, 0, 1, 1, 1, 0, 1, 0, 0, 1, 0, 1, 1, 1, 2, 1, 1, 1, 0, 0, 1, 0, 1, 0, 0, 0, 1, 1, 1, 1, 0, 0, 0, 0, 0, 0, 0, 1, 1, 1, 1, 1, 1, 1, 1, 2, 2, 1, 1, 1, 2, 1, 1, 0, 1, 1, 1, 2, 0, 0, 1, 0, 0, 1, 0, 0, 0, 1, 0, 0, 0, 0, 1, 1, 1, 0, 1, 1, 0, 1, 0, 0, 1, 0, 0, 1, 0, 1, 1, 1, 2, 0, 1, 1, 0, 0, 0, 1, 1, 1, 1, 2, 0, 1, 1, 1, 1, 1, 1, 1, 1, 0, 1, 1, 0, 1, 0, 1, 0, 0, 0, 0, 1, 0, 0, 0, 0, 1, 0, 0, 0, 0, 1, 1, 1, 0, 0, 0, 1, 0, 0, 1, 1, 1, 0, 2, 2, 2, 1, 1, 2, 2, 1, 2, 1, 2, 2, 2, 2, 2, 1, 0, 1, 1, 2, 0, 0, 1, 1, 2, 2, 2, 1, 1, 0, 1, 0, 1, 1, 2, 1, 0, 1, 1, 2, 1, 1, 2, 1, 1, 2, 1, 1, 2, 1, 1, 1, 2, 1, 1, 1, 1, 1, 1, 1, 0, 0, 1, 1, 0, 0, 0, 1, 0, 0, 1, 0, 0, 1, 0, 0, 1, 0, 1, 1, 0, 0, 0, 1, 0, 1, 0, 0, 0, 0, 0, 1, 1, 0, 0, 1, 0, 1, 1, 2, 0, 0, 0, 1, 1, 0, 1, 0, 0, 1, 1, 1, 0, 1, 1, 1, 1, 1, 1, 1, 0, 0, 1, 1, 1, 1, 0, 1, 0, 0, 1, 0, 1, 1, 1, 0, 0, 0, 1, 0, 0, 1, 0, 0, 0, 0, 0, 1, 1, 1, 1, 0, 0, 0, 0, 1, 1, 0, 1, 0, 1, 1, 1, 1, 0, 1, 0, 1, 1, 0, 1, 1, 1, 0, 0, 0, 0, 1, 2, 0, 2, 2, 2, 2, 2, 2, 2, 2, 2, 1, 2, 2, 2, 2, 2, 2, 2, 2, 2, 2, 2, 2, 2, 1, 2, 2, 2, 2, 1, 1, 2, 2, 2, 2, 2, 2, 2, 2, 2, 2, 2, 0, 2, 2, 1, 2, 2, 2, 2, 2, 1, 2, 2, 2, 1, 2, 2, 2, 2, 1, 2, 1, 2, 1, 2, 2, 2, 1, 2, 1, 2, 2, 2, 2, 2, 2, 2, 2, 2, 2, 2, 2, 0, 2, 2, 2, 2, 2, 2, 2, 0, 0, 0, 1, 0, 2, 2, 2, 2, 1, 0, 2, 2, 2, 2, 1, 2, 2, 2, 1, 2, 2, 2, 1, 0, 1, 2, 1, 2, 2, 2, 2, 2, 0, 0, 0, 0, 0, 2, 0, 0, 2, 0, 1, 0, 1, 1, 2, 2, 1, 2, 1, 1, 0, 0, 1, 2, 1, 0, 1, 2, 1, 1, 2, 1, 0, 1, 1, 2, 2, 0, 1, 1, 2, 2, 2, 1, 1, 2, 2, 2, 1, 0, 2, 2, 1, 2, 2, 2, 0, 2, 2, 2, 2, 2, 2, 2, 2, 2, 2, 0, 2, 2, 2, 2, 2, 2, 2, 2, 2, 2, 2, 2, 2, 2, 2, 2, 2, 2, 2, 2, 2, 1, 2, 1, 1, 2, 2, 1, 2, 2, 2, 2, 2, 0, 1, 1, 0, 2, 2, 2, 2, 2, 2, 2, 2, 2, 2, 2, 2, 2, 2, 2, 2, 1, 1, 1, 1, 1, 1, 1, 0, 1, 1, 1, 1, 1, 1, 1, 1, 1, 1, 0, 1, 1, 1, 1, 1, 1, 0, 0, 1, 1, 0, 1, 1, 0, 1, 1, 0, 0, 2, 2, 2, 2, 1, 0, 0, 1, 1, 1, 1, 2, 1, 0, 0, 0, 1, 0, 1, 1, 2, 1, 0, 1, 1, 2, 2, 2, 2, 2, 1, 1, 0, 2, 2, 2, 2, 2, 2, 0, 1, 1, 0, 0, 0, 1, 0, 0, 0, 1, 0, 1, 1, 1, 0, 1, 1, 0, 1, 0, 1, 1, 1, 0, 0, 1, 1, 1, 1, 1, 0, 0, 1, 1, 1, 2, 1, 1, 1, 1, 1, 1, 2, 2, 2, 1, 2, 2, 2, 2, 2, 2, 2, 1, 2, 2, 1, 2, 0, 1, 1, 1, 1, 1, 0, 0, 0, 1, 1, 1, 1, 1, 1, 0, 1, 1, 1, 1, 1, 1, 1, 1, 1, 1, 1, 1, 1, 1, 1, 0, 1, 1, 1, 1, 1, 1, 1, 1, 0, 0, 1, 1, 1, 1, 1, 0, 1, 1, 1, 1, 1, 1, 1, 1, 1, 1, 0, 0, 1, 1, 1, 1, 1, 1, 1, 1, 1, 0, 0, 0, 0, 1, 1, 0, 1, 1, 1, 0, 0, 1, 1, 1, 1, 0, 1, 0, 1, 1, 0, 1, 1, 1, 0, 1, 1, 1, 0, 1, 1, 1, 1, 1, 1, 1, 0, 1, 0, 1, 0, 1, 1, 1, 0, 0, 1, 1, 1, 1, 0, 0, 0, 1, 1, 0, 1, 1, 1, 1, 0, 0, 1, 1, 1, 1, 1, 1, 1, 0, 1, 1, 1, 0, 0, 0, 1, 1, 1, 1, 0, 1, 1, 0, 1, 1, 1, 1, 1, 1, 0, 1, 1, 1, 1, 1, 1, 1, 1, 1, 1, 1, 1, 1, 1, 1, 1, 1, 1, 1, 1, 1, 1, 1, 1, 1, 1, 0, 0, 1, 0, 1, 0, 0, 1, 1, 1, 1, 1, 1, 1, 1, 1, 1, 0, 1, 1, 1, 1, 1, 1, 1, 0, 1, 1, 1, 0, 0, 1, 0, 1, 1, 1, 1, 1, 1, 1, 1, 0, 1, 1, 0, 0, 1, 1, 1, 0, 1, 1, 1, 1, 0, 1, 1, 1, 1, 1, 1, 1, 1, 1, 1, 1, 1, 1, 1, 1, 1, 1, 1, 1, 1, 1, 1, 1, 1, 1, 1, 1, 1, 1, 1, 1, 1, 1, 0, 1, 1, 0, 0, 1, 1, 1, 0, 1, 1, 1, 1, 1, 1, 1, 1, 1, 1, 1, 1, 1, 1, 1, 1, 1, 1, 1, 1, 1, 0, 1, 1, 0, 1, 1, 0, 0, 1, 1, 0, 1, 0, 1, 1, 1, 1, 1, 1, 1, 1, 1, 1, 1, 1, 1, 1, 1, 1, 0, 0, 1, 0, 1, 0, 1, 0, 1, 1, 0, 0, 1, 0, 0, 0, 0, 1, 1, 1, 0, 1, 0, 0, 1, 1, 1, 0, 1, 0, 0, 1, 0, 1, 1, 1, 1, 1, 1, 0, 1, 1, 0, 1, 1, 1, 1, 1, 1, 1, 1, 0, 0, 1, 0, 0, 1, 1, 1, 1, 1, 1, 0, 1, 1, 0, 0, 0, 0, 0, 1, 1, 1, 1, 1, 1, 1, 1, 0, 1, 1, 1, 1, 1, 0, 0, 0, 1, 1, 1, 0, 1, 1, 0, 1, 1, 1, 1, 1, 1, 1, 1, 1, 0, 1, 1, 1, 1, 1, 1, 1, 1, 1, 1, 1, 1, 1, 2, 1, 1, 1, 1, 1, 0, 1, 0, 1, 1, 1, 1, 1, 1, 1, 0, 0, 1, 1, 1, 0, 1, 1, 1, 1, 1, 1, 1, 1, 1, 0, 0, 1, 0, 0, 0, 0, 1, 0, 0, 0, 1, 0, 0, 1, 0, 1, 0, 0, 0, 1, 1, 0, 1, 1, 0, 0, 0, 0, 1, 1, 0, 0]  (index=3040)
Round-trip   : lossless

MTFT         : 
Iteraciones usadas: 1
Entropía de salida: 1.2811 bits/símbolo
Round-trip   : lossless

[Compresores] (entrada: cadena post-MTFT, 3354 símbolos)
Algoritmo       Tamaño (bytes)  Tasa de compresión  
-------------- -------------- ------------------
Huffman         599             0.1786               lossless  
ZIP             893             0.2662               lossless  
Aritmético      538             0.1604               lossless  
PPM             1460            0.4353               lossless  
=======================================================
AF8 - 2001 símbolos

-------------------------------------------------------
--- AF8 ---
Longitud     : 2001
Original     : [1, 6, 1, 0, 7, 0, 1, 7, 1, 0, 7, 0, 0, 1, 7, 0, 7, 1, 2, 6, 7, 1, 1, 7, 7, 1, 0, 7, 1, 7, 0, 1, 0, 0, 7, 1, 0, 7, 0, 1, 0, 6, 2, 0, 0, 7, 0, 1, 0, 6, 2, 7, 0, 1, 7, 1, 0, 7, 1, 0, 0, 0, 0, 0, 0, 0, 7, 1, 0, 0, 0, 7, 1, 0, 7, 1, 0, 0, 7, 1, 0, 1, 7, 0, 0, 1, 7, 7, 1, 0, 0, 0, 7, 1, 7, 1, 0, 6, 2, 0, 0, 1, 0, 7, 0, 0, 0, 0, 7, 1, 0, 7, 1, 0, 0, 7, 0, 1, 0, 6, 2, 0, 6, 2, 7, 1, 0, 7, 1, 7, 1, 0, 0, 7, 1, 7, 1, 0, 6, 2, 0, 7, 0, 1, 7, 1, 7, 1, 7, 7, 2, 7, 7, 2, 7, 0, 0, 0, 1, 6, 1, 1, 6, 0, 2, 6, 1, 0, 0, 7, 1, 0, 0, 7, 1, 1, 1, 1, 7, 0, 1, 7, 1, 6, 2, 7, 0, 0, 0, 0, 1, 6, 1, 0, 0, 0, 7, 0, 1, 7, 1, 0, 0, 7, 1, 7, 1, 7, 0, 2, 6, 0, 1, 0, 7, 1, 1, 7, 7, 2, 6, 1, 0, 0, 7, 1, 7, 1, 7, 0, 1, 7, 0, 7, 1, 0, 0, 7, 0, 1, 0, 0, 0, 0, 1, 7, 0, 2, 7, 7, 1, 7, 0, 1, 0, 7, 0, 0, 1, 7, 7, 0, 1, 7, 0, 1, 7, 0, 7, 2, 7, 0, 1, 7, 1, 1, 7, 0, 0, 1, 7, 0, 2, 6, 0, 0, 0, 0, 6, 2, 0, 6, 2, 6, 0, 2, 6, 1, 7, 0, 7, 1, 1, 7, 1, 7, 1, 0, 0, 0, 1, 7, 1, 0, 1, 7, 0, 0, 0, 7, 0, 7, 2, 6, 2, 7, 7, 1, 7, 7, 1, 2, 6, 7, 1, 1, 7, 1, 0, 7, 1, 1, 6, 2, 7, 0, 1, 0, 0, 0, 6, 2, 7, 0, 1, 6, 0, 2, 6, 0, 0, 0, 0, 0, 0, 1, 0, 7, 2, 7, 1, 7, 0, 1, 7, 7, 1, 7, 1, 1, 6, 0, 7, 1, 0, 0, 0, 7, 1, 7, 1, 7, 0, 1, 6, 2, 0, 1, 7, 0, 0, 0, 0, 0, 6, 2, 7, 1, 7, 1, 0, 6, 2, 7, 7, 2, 6, 1, 0, 7, 1, 1, 6, 1, 0, 0, 0, 7, 1, 7, 2, 7, 7, 1, 7, 2, 6, 1, 1, 7, 0, 1, 7, 7, 1, 7, 1, 0, 0, 7, 2, 7, 1, 6, 1, 7, 2, 7, 7, 2, 7, 1, 6, 0, 2, 6, 0, 2, 6, 0, 1, 7, 1, 7, 2, 7, 0, 1, 6, 0, 1, 0, 7, 2, 2, 0, 0, 1, 7, 7, 1, 1, 0, 7, 7, 1, 0, 7, 1, 1, 7, 0, 6, 0, 0, 7, 1, 0, 0, 7, 0, 1, 0, 6, 2, 7, 0, 0, 1, 7, 0, 0, 0, 1, 2, 1, 7, 2, 6, 2, 6, 7, 1, 1, 0, 0, 7, 1, 7, 1, 1, 6, 2, 6, 0, 2, 7, 7, 7, 1, 2, 6, 0, 1, 0, 1, 7, 7, 0, 1, 7, 1, 0, 7, 0, 0, 0, 0, 0, 2, 6, 1, 7, 2, 7, 7, 1, 0, 7, 2, 6, 0, 1, 7, 0, 2, 6, 1, 7, 1, 7, 0, 0, 1, 7, 0, 7, 1, 0, 0, 0, 0, 7, 1, 7, 0, 1, 7, 1, 0, 0, 0, 7, 0, 1, 6, 2, 7, 1, 7, 0, 1, 0, 6, 1, 0, 7, 1, 0, 0, 7, 1, 7, 1, 7, 1, 0, 7, 0, 2, 7, 0, 0, 0, 0, 0, 0, 1, 6, 1, 0, 7, 1, 7, 0, 0, 0, 0, 0, 0, 7, 1, 0, 1, 0, 0, 7, 2, 6, 1, 1, 6, 2, 7, 0, 0, 7, 1, 0, 0, 7, 1, 7, 7, 1, 7, 1, 7, 1, 0, 6, 2, 0, 0, 2, 6, 0, 2, 6, 2, 7, 0, 0, 1, 7, 0, 7, 0, 1, 0, 7, 0, 0, 0, 0, 7, 0, 0, 7, 2, 6, 1, 1, 7, 0, 0, 1, 6, 2, 0, 0, 1, 7, 0, 1, 7, 0, 7, 1, 0, 0, 7, 0, 0, 1, 7, 7, 1, 1, 6, 1, 0, 0, 7, 1, 1, 6, 1, 7, 2, 7, 0, 1, 0, 7, 1, 7, 1, 7, 1, 7, 0, 1, 6, 2, 7, 7, 1, 1, 6, 1, 0, 7, 1, 0, 7, 1, 7, 1, 1, 6, 1, 0, 0, 0, 0, 0, 0, 7, 1, 0, 0, 0, 7, 1, 0, 0, 7, 1, 0, 0, 7, 1, 7, 0, 0, 0, 1, 7, 0, 0, 1, 7, 0, 0, 2, 0, 2, 6, 0, 2, 6, 1, 0, 7, 1, 7, 1, 0, 7, 0, 1, 7, 0, 1, 7, 0, 1, 0, 7, 7, 1, 0, 0, 0, 7, 1, 0, 0, 0, 0, 7, 0, 1, 0, 0, 7, 1, 0, 0, 0, 0, 6, 2, 0, 7, 1, 7, 1, 0, 7, 1, 7, 1, 6, 2, 7, 0, 1, 7, 0, 1, 7, 1, 0, 6, 2, 0, 0, 0, 7, 0, 1, 0, 7, 1, 7, 0, 0, 1, 7, 0, 1, 0, 7, 1, 7, 0, 1, 0, 7, 0, 1, 0, 0, 7, 1, 7, 1, 0, 6, 2, 7, 1, 0, 7, 0, 0, 1, 0, 6, 2, 0, 0, 7, 1, 7, 1, 0, 0, 0, 7, 1, 0, 0, 7, 1, 0, 0, 7, 1, 0, 7, 0, 1, 7, 0, 1, 0, 7, 0, 1, 7, 1, 7, 0, 1, 7, 1, 6, 2, 7, 1, 7, 0, 0, 1, 7, 1, 6, 1, 0, 7, 1, 1, 7, 0, 0, 7, 1, 0, 7, 2, 7, 7, 1, 7, 0, 0, 7, 1, 0, 0, 7, 1, 7, 1, 0, 0, 7, 0, 1, 7, 1, 6, 2, 0, 7, 0, 1, 7, 0, 0, 1, 0, 6, 2, 0, 7, 0, 7, 2, 7, 0, 0, 0, 0, 1, 7, 0, 0, 0, 0, 7, 2, 7, 0, 0, 0, 7, 2, 7, 7, 2, 6, 2, 7, 7, 1, 1, 6, 2, 6, 0, 2, 7, 0, 0, 7, 1, 0, 0, 0, 0, 7, 2, 6, 0, 2, 6, 2, 6, 1, 0, 7, 1, 0, 0, 7, 1, 7, 2, 7, 7, 1, 7, 2, 7, 7, 0, 2, 7, 7, 1, 7, 2, 6, 0, 2, 6, 1, 0, 7, 2, 7, 7, 1, 7, 0, 2, 6, 0, 1, 7, 2, 7, 7, 1, 7, 0, 2, 6, 0, 2, 6, 1, 7, 1, 7, 0, 1, 0, 7, 0, 1, 7, 2, 6, 1, 7, 1, 7, 1, 7, 0, 1, 7, 1, 7, 1, 0, 7, 0, 1, 7, 0, 2, 6, 0, 1, 7, 0, 0, 0, 2, 6, 7, 1, 2, 6, 0, 1, 7, 1, 7, 0, 1, 7, 1, 7, 0, 1, 7, 0, 1, 7, 0, 1, 7, 0, 0, 1, 7, 0, 0, 1, 7, 0, 1, 7, 7, 1, 2, 6, 0, 0, 0, 1, 7, 0, 0, 0, 0, 0, 1, 7, 0, 7, 1, 1, 7, 0, 0, 0, 0, 1, 7, 0, 0, 0, 1, 7, 7, 1, 0, 0, 0, 0, 1, 7, 0, 7, 1, 0, 0, 0, 0, 0, 7, 1, 0, 0, 0, 0, 7, 1, 7, 1, 0, 7, 1, 0, 0, 1, 1, 0, 0, 1, 0, 0, 0, 7, 2, 0, 0, 6, 2, 7, 7, 1, 7, 1, 7, 0, 0, 0, 6, 2, 2, 0, 7, 1, 0, 7, 1, 7, 1, 7, 1, 7, 0, 1, 0, 7, 0, 1, 0, 7, 0, 0, 1, 7, 1, 0, 0, 7, 0, 1, 0, 6, 2, 7, 1, 7, 1, 0, 7, 1, 7, 1, 7, 1, 7, 1, 0, 0, 0, 6, 2, 0, 0, 0, 0, 7, 1, 0, 1, 7, 0, 0, 0, 1, 7, 0, 0, 0, 0, 2, 6, 0, 1, 0, 7, 1, 7, 1, 0, 7, 1, 7, 1, 7, 7, 7, 0, 6, 2, 7, 0, 0, 7, 1, 7, 1, 0, 7, 0, 1, 7, 0, 0, 0, 2, 6, 7, 1, 0, 0, 1, 7, 0, 7, 1, 0, 0, 0, 0, 7, 1, 0, 0, 0, 0, 0, 7, 0, 1, 0, 7, 1, 7, 1, 0, 6, 2, 0, 0, 0, 6, 2, 7, 1, 0, 7, 1, 6, 2, 0, 0, 7, 0, 1, 0, 7, 0, 1, 0, 6, 2, 0, 7, 1, 7, 1, 7, 1, 7, 1, 0, 6, 2, 1, 1, 0, 0, 6, 2, 6, 1, 1, 7, 0, 7, 0, 0, 0, 1, 1, 7, 1, 0, 0, 7, 1, 7, 1, 0, 7, 1, 1, 7, 7, 0, 1, 7, 1, 0, 7, 0, 1, 0, 0, 6, 2, 0, 0, 7, 0, 1, 0, 0, 0, 6, 2, 0, 0, 7, 0, 1, 0, 7, 0, 1, 0, 7, 1, 7, 1, 7, 0, 1, 0, 6, 2, 0, 6, 2, 0, 7, 1, 7, 1, 7, 7, 2, 7, 0, 1, 7, 0, 0, 0, 1, 7, 7, 2, 6, 1, 1, 6, 1, 0, 0, 0, 7, 0, 1, 7, 7, 1, 6, 0, 0, 6, 0, 2, 6, 0, 1, 7, 2, 7, 7, 2, 7, 7, 2, 7, 0, 0, 0, 1, 6, 2, 7, 1, 6, 2, 7, 0, 1, 6, 2, 0, 6, 2, 7, 1, 0, 7, 0, 1, 0, 7, 0, 1, 0, 7, 0, 1, 0, 7, 0, 1, 0, 0, 0, 7, 0, 1, 0, 6, 2, 0, 7, 1, 1, 7, 6, 2, 0, 7, 0, 1, 0, 7, 1, 0, 7, 0, 1, 0, 0, 0, 6, 2, 0, 0, 0, 0, 7, 0, 1, 2, 0, 0, 7, 1, 7, 1, 6, 1, 0, 0, 7, 7, 1, 1, 7, 0, 0, 1, 0, 0, 1, 7, 1, 7, 1, 2, 7, 0, 1, 7, 0, 1, 7, 1, 0, 7, 1, 7, 7, 2, 0, 7, 1, 7, 1, 0, 6, 2, 7, 0, 1, 7, 7, 2, 0, 7, 1, 6, 2, 0, 6, 2, 7, 1, 7, 0, 1, 6, 2, 7, 1, 6, 2, 7, 1, 7, 0, 1, 7, 7, 2, 7, 0, 1, 6, 2, 7, 0, 0, 1, 6, 2, 6, 2, 7, 0, 1, 6, 1, 1, 7, 7, 2, 7, 0, 0, 0, 1, 7, 7, 2, 6, 2, 7, 0, 7, 2, 7, 0, 1, 6, 2, 7, 0, 0, 0, 7, 2, 7, 1, 6, 1, 1, 7, 7, 2, 7, 7, 2, 7, 1, 6, 1, 1, 6, 1, 1, 6, 1, 1, 6, 2, 7, 0, 0, 7, 2, 7, 7, 1, 1, 7, 0, 0, 7, 2, 6, 1, 1, 6, 1, 1, 6, 2, 6, 1, 1, 6, 1, 1, 6, 0, 2, 7, 0, 7, 1, 1, 7, 7, 1, 0, 0, 0, 0, 0, 7, 1, 1, 6, 0, 2, 7, 7, 1, 1, 6, 1, 7, 2, 7, 7, 1, 7, 1, 1, 6, 1, 7, 1, 1, 6, 0, 2, 6, 0, 1, 0, 1, 6, 0, 1, 0, 7, 1, 7, 1, 7, 1, 1, 6, 0, 1, 0, 7, 1, 7, 0, 1, 0, 0, 7, 0, 1, 7, 2, 7, 7, 0, 0, 0, 1, 0, 7, 0, 1, 7, 1, 7, 0, 1, 7, 1, 7, 0, 1, 7, 0, 0, 1, 7, 0, 0, 1, 7, 0, 0, 0, 0, 0, 0, 0, 0, 0, 0, 0, 7, 1, 0, 0, 7, 1, 7, 1, 0, 7, 0, 1, 0, 6, 2, 7, 0, 1, 7, 7, 1]
BWT          : [7, 0, 0, 0, 1, 0, 6, 7, 1, 0, 0, 7, 0, 0, 7, 7, 7, 1, 1, 0, 0, 0, 0, 1, 0, 7, 0, 7, 7, 1, 1, 0, 7, 0, 6, 1, 0, 7, 1, 0, 2, 1, 0, 0, 0, 0, 0, 2, 7, 0, 1, 1, 1, 7, 7, 0, 7, 7, 0, 0, 7, 7, 6, 7, 0, 0, 7, 0, 0, 0, 1, 7, 7, 7, 0, 0, 7, 7, 1, 1, 1, 0, 0, 7, 1, 2, 0, 0, 0, 1, 2, 0, 0, 1, 1, 1, 7, 0, 1, 0, 0, 0, 1, 1, 0, 0, 0, 0, 1, 0, 0, 1, 0, 1, 1, 1, 0, 0, 7, 7, 1, 7, 7, 7, 2, 0, 0, 1, 0, 0, 0, 0, 0, 7, 7, 0, 7, 0, 0, 0, 7, 0, 7, 0, 7, 7, 7, 2, 7, 7, 0, 7, 0, 1, 7, 0, 7, 7, 0, 7, 1, 7, 0, 7, 2, 7, 0, 0, 7, 0, 2, 0, 0, 0, 6, 0, 0, 1, 0, 0, 0, 0, 1, 0, 0, 0, 2, 1, 0, 1, 2, 0, 1, 0, 1, 2, 1, 2, 2, 0, 0, 0, 0, 0, 1, 1, 0, 0, 0, 1, 0, 0, 7, 0, 0, 6, 0, 0, 1, 1, 1, 7, 0, 7, 0, 0, 1, 1, 1, 0, 0, 7, 1, 0, 1, 1, 0, 2, 1, 0, 1, 1, 1, 7, 0, 1, 1, 2, 0, 1, 1, 1, 0, 1, 1, 0, 0, 7, 1, 7, 0, 0, 1, 7, 0, 1, 7, 7, 7, 7, 7, 0, 0, 7, 7, 7, 7, 7, 1, 6, 6, 7, 7, 0, 7, 7, 0, 7, 7, 7, 7, 7, 7, 7, 0, 7, 7, 7, 7, 7, 7, 7, 7, 7, 7, 0, 7, 7, 6, 7, 6, 7, 7, 6, 7, 6, 7, 6, 0, 7, 0, 0, 7, 0, 1, 7, 7, 0, 0, 0, 7, 0, 7, 7, 0, 7, 7, 0, 7, 7, 7, 0, 0, 2, 0, 0, 0, 1, 0, 7, 7, 6, 1, 7, 0, 7, 7, 0, 0, 1, 0, 7, 0, 7, 7, 7, 7, 0, 7, 7, 7, 0, 0, 7, 6, 0, 0, 0, 0, 0, 7, 7, 0, 0, 7, 7, 0, 7, 0, 7, 7, 7, 7, 7, 7, 7, 0, 7, 7, 7, 7, 7, 7, 7, 6, 7, 0, 7, 6, 7, 7, 6, 6, 0, 1, 0, 0, 0, 0, 7, 7, 7, 7, 7, 7, 0, 0, 7, 0, 6, 7, 6, 7, 0, 7, 6, 7, 6, 6, 2, 7, 0, 6, 6, 6, 6, 7, 6, 0, 6, 6, 0, 0, 7, 6, 6, 6, 7, 7, 6, 7, 0, 1, 0, 0, 1, 1, 1, 1, 0, 1, 0, 1, 1, 0, 1, 1, 1, 1, 0, 1, 2, 1, 0, 2, 0, 1, 7, 0, 1, 1, 1, 1, 2, 0, 2, 2, 0, 1, 0, 1, 1, 1, 1, 7, 1, 1, 1, 1, 0, 0, 0, 1, 0, 1, 1, 0, 1, 1, 0, 0, 1, 0, 0, 1, 0, 7, 1, 1, 0, 1, 1, 0, 2, 0, 0, 1, 0, 0, 1, 2, 1, 1, 1, 0, 1, 0, 1, 1, 2, 1, 0, 0, 1, 0, 2, 1, 0, 7, 0, 0, 7, 7, 0, 0, 0, 0, 6, 1, 7, 7, 1, 0, 0, 0, 1, 0, 0, 0, 0, 0, 1, 1, 0, 0, 0, 0, 1, 0, 0, 0, 0, 1, 2, 0, 0, 0, 1, 0, 1, 7, 1, 1, 7, 2, 1, 7, 1, 7, 1, 2, 1, 0, 1, 1, 1, 1, 0, 0, 0, 1, 1, 0, 0, 2, 0, 0, 0, 1, 0, 0, 2, 1, 1, 0, 0, 1, 1, 0, 0, 0, 0, 1, 1, 1, 1, 2, 2, 1, 0, 0, 0, 1, 0, 1, 1, 0, 0, 0, 0, 7, 7, 0, 7, 7, 0, 0, 1, 0, 1, 1, 0, 1, 1, 0, 7, 6, 7, 7, 7, 0, 7, 7, 7, 7, 7, 7, 7, 7, 0, 7, 0, 0, 0, 7, 6, 6, 7, 7, 7, 7, 7, 7, 6, 0, 1, 7, 7, 0, 0, 1, 7, 7, 7, 7, 7, 7, 0, 0, 7, 6, 7, 7, 0, 7, 7, 6, 7, 7, 7, 0, 7, 7, 1, 6, 7, 7, 7, 7, 0, 7, 6, 7, 0, 7, 7, 7, 0, 0, 7, 7, 7, 7, 0, 0, 0, 0, 7, 0, 0, 0, 7, 0, 0, 0, 7, 7, 0, 7, 7, 0, 0, 7, 7, 0, 0, 7, 0, 7, 0, 7, 0, 7, 0, 0, 0, 7, 0, 7, 7, 7, 7, 6, 0, 0, 0, 7, 7, 7, 7, 7, 6, 6, 0, 6, 6, 7, 6, 7, 7, 0, 7, 6, 0, 0, 7, 0, 7, 0, 6, 0, 7, 7, 0, 0, 7, 0, 7, 7, 7, 0, 7, 0, 7, 6, 0, 1, 0, 2, 7, 7, 7, 1, 7, 7, 6, 6, 7, 7, 7, 6, 7, 7, 7, 7, 6, 6, 6, 6, 7, 7, 7, 7, 7, 6, 6, 6, 7, 7, 7, 6, 7, 7, 7, 1, 6, 7, 6, 0, 7, 7, 7, 7, 7, 7, 7, 6, 6, 0, 0, 7, 7, 7, 7, 7, 7, 7, 1, 0, 0, 0, 1, 7, 1, 1, 1, 1, 1, 0, 1, 1, 1, 7, 1, 1, 7, 0, 0, 1, 7, 1, 1, 1, 0, 7, 1, 1, 1, 7, 0, 7, 0, 0, 7, 7, 1, 1, 1, 0, 7, 0, 0, 1, 1, 1, 7, 7, 0, 0, 7, 0, 7, 0, 0, 7, 0, 0, 1, 0, 0, 0, 0, 7, 0, 0, 0, 0, 7, 0, 1, 0, 1, 0, 0, 0, 0, 7, 0, 1, 7, 7, 0, 0, 7, 1, 1, 7, 7, 7, 7, 7, 7, 7, 0, 7, 0, 0, 7, 7, 7, 7, 0, 0, 0, 7, 0, 7, 0, 7, 0, 0, 1, 7, 7, 7, 7, 0, 1, 7, 7, 0, 7, 0, 7, 7, 0, 0, 1, 1, 0, 0, 0, 0, 0, 0, 0, 6, 0, 0, 7, 7, 0, 7, 0, 7, 7, 1, 0, 7, 0, 7, 0, 7, 7, 7, 7, 7, 7, 7, 0, 0, 0, 7, 7, 7, 7, 7, 0, 7, 1, 7, 7, 7, 7, 0, 7, 6, 7, 7, 7, 7, 0, 7, 7, 0, 0, 0, 7, 0, 7, 6, 7, 7, 6, 7, 7, 0, 0, 7, 0, 0, 0, 7, 7, 1, 7, 7, 7, 0, 7, 7, 0, 7, 7, 6, 7, 7, 0, 0, 7, 7, 7, 7, 7, 0, 2, 6, 7, 0, 7, 6, 0, 6, 7, 7, 6, 0, 1, 0, 0, 1, 1, 0, 0, 1, 0, 0, 0, 0, 7, 0, 0, 0, 7, 0, 7, 1, 0, 0, 1, 0, 7, 7, 1, 7, 6, 6, 6, 6, 6, 6, 2, 6, 7, 6, 6, 6, 6, 6, 1, 6, 0, 6, 6, 6, 6, 6, 6, 6, 6, 6, 2, 6, 7, 7, 6, 6, 6, 6, 1, 7, 6, 0, 0, 1, 0, 1, 0, 0, 0, 7, 1, 0, 0, 0, 0, 0, 7, 6, 0, 7, 0, 6, 6, 0, 7, 6, 7, 0, 0, 7, 6, 7, 7, 7, 7, 6, 0, 0, 0, 7, 0, 0, 7, 0, 6, 7, 7, 7, 0, 6, 1, 1, 0, 0, 6, 7, 7, 7, 7, 6, 7, 6, 6, 6, 0, 6, 6, 6, 6, 7, 7, 6, 6, 6, 7, 7, 7, 6, 1, 6, 7, 6, 6, 0, 6, 6, 6, 6, 6, 7, 7, 7, 7, 6, 6, 6, 6, 6, 7, 6, 6, 6, 7, 7, 7, 6, 0, 6, 7, 7, 0, 7, 7, 7, 6, 0, 7, 7, 6, 6, 7, 7, 7, 7, 7, 7, 0, 2, 2, 2, 1, 0, 2, 2, 2, 1, 2, 1, 1, 2, 2, 2, 2, 2, 2, 1, 1, 2, 0, 1, 1, 2, 2, 2, 2, 2, 2, 2, 1, 1, 2, 1, 1, 1, 1, 1, 2, 1, 2, 1, 1, 0, 2, 1, 2, 1, 1, 2, 2, 1, 1, 2, 2, 1, 2, 1, 1, 2, 1, 2, 2, 2, 1, 1, 2, 1, 2, 2, 2, 1, 2, 1, 1, 0, 0, 0, 0, 0, 1, 0, 0, 0, 1, 0, 0, 1, 0, 0, 1, 0, 1, 7, 1, 0, 0, 0, 0, 0, 0, 0, 0, 0, 1, 1, 2, 1, 0, 1, 2, 1, 1, 1, 0, 2, 1, 0, 1, 1, 0, 2, 1, 1, 0, 0, 0, 2, 0, 0, 0, 0, 1, 1, 1, 1, 0, 1, 0, 0, 1, 2, 0, 2, 0, 2, 2, 2, 2, 2, 1, 2, 1, 1, 0, 1, 2, 2, 1, 1, 0, 0, 1, 7, 0, 1, 2, 2, 1, 1, 1, 1, 2, 1, 1, 1, 1, 2, 2, 1, 0, 1, 1, 2, 1, 2, 1, 1, 1, 1, 1, 1, 2, 1, 0, 0, 1, 0, 1, 0, 1, 2, 1, 2, 1, 2, 1, 0, 2, 0, 0, 0, 2, 0, 0, 1, 0, 1, 0, 1, 0, 1, 0, 0, 0, 0, 0, 0, 0, 0, 0, 1, 0, 1, 0, 1, 0, 0, 0, 1, 1, 0, 0, 1, 0, 0, 2, 1, 0, 2, 2, 2, 1, 2, 2, 2, 1, 0, 1, 2, 0, 0, 1, 1, 0, 1, 1, 0, 1, 7, 2, 2, 0, 1, 1, 1, 1, 0, 1, 7, 0, 7, 2, 1, 2, 0, 1, 1, 1, 1, 0, 0, 1, 0, 0, 0, 2, 1, 0, 1, 1, 2, 1, 1, 1, 1, 1, 1, 1, 0, 1, 7, 1, 7, 1, 1, 1, 1, 1, 1, 1, 1, 1, 2, 1, 0, 0, 2, 1, 0, 0, 0, 7, 7, 0, 0, 0, 0, 0, 0, 1, 1, 1, 7, 1, 0, 0, 7, 0, 0, 6, 0, 0, 0, 0, 1, 1, 0, 0, 0, 0, 0, 0, 0, 1, 0, 1, 1, 0, 0, 0, 1, 0, 0, 1, 0, 1, 1, 1, 1, 1, 1, 1, 1, 1, 1, 2, 1, 0, 1, 0, 1, 2, 1, 0, 1, 1, 1, 1, 1, 0, 0, 1, 7, 1, 2, 7, 2, 0, 1, 0, 1, 1, 1, 7, 0, 6, 7, 0, 1, 1, 0, 1, 1, 0, 7, 7, 7, 1, 0, 7, 7, 1, 0, 0, 7, 1, 0, 7, 0, 6, 0, 0, 0, 0, 6, 0, 7, 7, 6, 7, 0, 1, 7, 2, 1, 1, 2, 2, 2, 0, 0, 1, 1, 2, 1, 1, 2, 0, 0, 1, 0, 1, 2, 7, 0, 0, 2, 1, 7, 0, 1, 1, 1, 2, 1, 1, 1, 1, 0, 1, 1, 1, 1, 2, 2, 1, 7, 7, 1, 1, 0, 0, 0, 7, 0, 0, 1, 0, 1, 0, 0, 2, 0, 0, 0, 1, 1, 0, 0, 0, 2, 0, 1, 7, 0, 7, 0, 1, 0, 0, 7, 0, 1, 0, 1, 0, 1, 0, 1, 7, 1, 0, 0, 0, 0, 0, 0, 0, 1, 0, 7, 7, 1, 7, 0, 0, 7, 0, 0, 1, 1, 1, 0, 7, 7, 0, 0, 1, 0, 7, 7, 7, 0, 0, 0, 1, 1, 1, 7, 7, 0, 0, 7, 7, 7, 0, 1, 1, 0, 7, 7, 0, 7, 7, 0, 0, 0, 1, 1, 1, 0, 0, 0, 1, 1, 1, 1, 0, 7, 7, 1, 7, 1, 1, 2, 1, 1, 1, 2, 7, 1, 1, 0, 1, 0, 1, 2, 1, 1, 1, 2, 2, 2, 0, 2, 1, 7, 1, 1, 2, 2, 2, 2, 1, 1, 2, 2, 1, 2, 2, 2, 2, 1, 1, 1, 2, 1, 1, 2, 2, 2, 1, 1, 1, 2, 2, 1, 2, 1, 1, 2]  (index=913)
Round-trip   : lossless

MTFT         : 
Iteraciones usadas: 1
Entropía de salida: 1.8426 bits/símbolo
Round-trip   : lossless

[Compresores] (entrada: cadena post-MTFT, 2001 símbolos)
Algoritmo       Tamaño (bytes)  Tasa de compresión  
-------------- -------------- ------------------
Huffman         478             0.2389               lossless  
ZIP             787             0.3933               lossless  
Aritmético      461             0.2304               lossless  
PPM             2019            1.0090               lossless  


  Guardado: resultados/resultado_butterfly2/plot_butterfly2_imagen_contornos.png
  Guardado: resultados/resultado_butterfly2/plot_butterfly2_bytes_comprimidos.png
   Guardado: resultados/resultado_butterfly2/plot_butterfly2_ratio_compresion.png

Resultados exportados con éxito en la carpeta: resultados/resultado_butterfly2

