Nombre de la imagen: bat4.gif
Imagen cargada: 407x616 px

=======================================================
F4 - 2814 símbolos

-------------------------------------------------------
--- F4 ---
Longitud     : 2814
Original     : [0, 0, 0, 0, 0, 0, 0, 0, 0, 0, 0, 0, 0, 0, 0, 0, 0, 0, 1, 0, 0, 0, 0, 0, 0, 0, 0, 1, 0, 0, 0, 0, 0, 1, 0, 1, 0, 0, 1, 1, 1, 1, 1, 1, 2, 2, 2, 2, 1, 2, 1, 2, 2, 1, 1, 2, 2, 1, 2, 2, 1, 2, 2, 2, 1, 1, 2, 1, 2, 2, 1, 1, 2, 2, 1, 1, 2, 2, 1, 1, 2, 2, 1, 1, 2, 1, 1, 2, 1, 2, 1, 1, 2, 1, 2, 1, 1, 2, 1, 1, 2, 1, 1, 2, 2, 1, 1, 1, 2, 1, 1, 2, 1, 1, 2, 1, 1, 1, 2, 1, 1, 1, 1, 2, 1, 1, 2, 1, 1, 1, 1, 2, 1, 1, 1, 1, 1, 1, 2, 1, 1, 1, 1, 1, 1, 2, 1, 1, 1, 1, 1, 1, 1, 1, 1, 1, 2, 1, 1, 1, 1, 1, 1, 1, 2, 1, 0, 1, 0, 1, 1, 1, 1, 1, 2, 2, 1, 2, 2, 1, 2, 1, 2, 2, 1, 2, 1, 2, 1, 2, 1, 1, 2, 2, 1, 2, 1, 2, 1, 1, 2, 1, 1, 2, 2, 1, 2, 1, 1, 2, 1, 2, 1, 1, 1, 2, 2, 1, 1, 2, 1, 1, 2, 1, 2, 1, 1, 1, 2, 1, 1, 2, 1, 1, 1, 2, 1, 2, 1, 1, 2, 1, 1, 1, 2, 1, 2, 1, 1, 2, 1, 2, 1, 1, 1, 1, 2, 1, 1, 1, 1, 1, 2, 1, 1, 1, 1, 2, 1, 1, 1, 2, 1, 1, 1, 2, 1, 1, 1, 0, 1, 1, 1, 1, 2, 1, 1, 1, 1, 1, 1, 1, 1, 1, 1, 2, 1, 1, 1, 1, 1, 1, 1, 1, 1, 1, 1, 1, 1, 1, 1, 1, 1, 2, 2, 2, 2, 2, 1, 2, 1, 2, 2, 1, 2, 2, 1, 2, 1, 2, 1, 2, 1, 2, 1, 2, 2, 1, 2, 1, 2, 1, 2, 1, 2, 1, 2, 1, 2, 1, 1, 2, 2, 1, 2, 1, 1, 2, 2, 1, 1, 1, 2, 2, 1, 2, 1, 1, 1, 2, 1, 2, 1, 2, 1, 2, 1, 1, 2, 1, 1, 1, 2, 2, 1, 1, 1, 2, 1, 2, 1, 1, 2, 1, 1, 2, 2, 1, 1, 2, 1, 1, 1, 2, 1, 1, 2, 1, 2, 1, 1, 2, 1, 1, 2, 1, 1, 2, 1, 2, 1, 1, 2, 1, 1, 1, 2, 1, 1, 1, 2, 1, 1, 2, 1, 1, 1, 2, 1, 1, 2, 1, 1, 1, 1, 1, 1, 1, 2, 1, 1, 1, 1, 1, 1, 1, 2, 1, 1, 1, 1, 1, 1, 1, 1, 1, 1, 0, 3, 0, 0, 0, 0, 0, 3, 0, 0, 3, 0, 0, 0, 0, 0, 1, 0, 0, 0, 1, 0, 1, 0, 1, 1, 0, 1, 0, 1, 1, 1, 1, 1, 1, 1, 1, 2, 1, 1, 2, 1, 1, 1, 2, 2, 2, 1, 1, 2, 2, 2, 2, 3, 2, 3, 2, 2, 2, 2, 2, 2, 2, 2, 2, 2, 2, 3, 2, 2, 2, 2, 1, 1, 1, 2, 1, 1, 1, 1, 1, 1, 1, 1, 1, 1, 1, 0, 1, 1, 1, 1, 1, 0, 1, 1, 1, 1, 0, 1, 1, 0, 1, 0, 1, 1, 1, 0, 1, 1, 1, 1, 1, 1, 1, 1, 1, 2, 2, 1, 1, 2, 1, 2, 1, 1, 2, 1, 1, 2, 1, 1, 1, 1, 2, 1, 1, 1, 1, 1, 1, 1, 1, 1, 2, 1, 1, 1, 1, 1, 1, 1, 2, 1, 1, 1, 1, 1, 1, 1, 1, 1, 0, 1, 1, 1, 1, 1, 1, 1, 1, 0, 1, 1, 1, 1, 1, 0, 1, 1, 1, 1, 1, 0, 1, 1, 1, 1, 2, 1, 2, 2, 2, 2, 3, 3, 3, 2, 3, 3, 2, 3, 3, 2, 3, 3, 2, 3, 2, 3, 3, 2, 3, 2, 3, 2, 3, 3, 2, 3, 2, 3, 2, 2, 3, 2, 3, 2, 3, 2, 2, 3, 3, 2, 2, 3, 2, 2, 3, 2, 3, 2, 2, 3, 2, 2, 3, 2, 2, 3, 2, 2, 3, 2, 2, 2, 3, 2, 2, 2, 3, 2, 2, 2, 2, 3, 2, 2, 2, 2, 3, 2, 2, 2, 3, 2, 2, 2, 2, 2, 2, 2, 2, 1, 1, 2, 2, 2, 2, 2, 3, 3, 2, 2, 3, 2, 2, 3, 2, 2, 3, 2, 2, 3, 2, 2, 3, 2, 3, 2, 2, 2, 3, 2, 3, 2, 2, 2, 2, 2, 2, 3, 2, 2, 3, 2, 2, 2, 3, 2, 2, 2, 2, 2, 2, 2, 2, 2, 1, 2, 1, 1, 1, 1, 1, 1, 1, 1, 1, 1, 1, 1, 1, 2, 1, 1, 1, 2, 2, 1, 1, 2, 2, 2, 2, 2, 2, 2, 2, 2, 2, 2, 2, 3, 2, 3, 2, 2, 2, 2, 3, 3, 2, 3, 2, 3, 2, 3, 3, 3, 3, 0, 3, 3, 0, 3, 3, 3, 3, 0, 0, 0, 0, 3, 0, 3, 0, 3, 3, 2, 2, 2, 3, 2, 3, 2, 2, 2, 3, 2, 2, 2, 3, 2, 3, 2, 2, 3, 2, 2, 3, 2, 2, 3, 2, 3, 2, 2, 2, 2, 3, 2, 2, 3, 3, 2, 2, 2, 3, 2, 3, 2, 2, 3, 2, 2, 2, 3, 2, 3, 2, 3, 2, 2, 2, 2, 3, 2, 2, 2, 3, 2, 2, 3, 2, 2, 2, 3, 2, 2, 2, 3, 2, 3, 2, 2, 2, 3, 2, 2, 2, 2, 2, 2, 3, 2, 3, 2, 2, 2, 2, 3, 2, 2, 2, 2, 2, 3, 2, 2, 2, 3, 2, 2, 2, 1, 2, 2, 2, 2, 2, 2, 2, 2, 2, 2, 2, 2, 2, 2, 1, 1, 1, 2, 2, 2, 2, 3, 3, 2, 1, 2, 2, 2, 2, 2, 1, 2, 2, 1, 2, 2, 2, 1, 2, 2, 2, 1, 2, 2, 1, 2, 2, 1, 2, 1, 2, 2, 1, 1, 2, 1, 2, 2, 2, 1, 1, 2, 1, 2, 2, 1, 2, 1, 2, 1, 1, 2, 2, 1, 2, 1, 1, 2, 2, 1, 1, 2, 1, 2, 1, 2, 1, 1, 2, 1, 2, 1, 1, 2, 1, 0, 0, 1, 1, 1, 1, 2, 2, 2, 1, 1, 1, 2, 2, 2, 2, 2, 3, 3, 2, 3, 3, 2, 3, 2, 3, 2, 3, 2, 3, 3, 2, 2, 3, 2, 3, 2, 2, 3, 3, 2, 2, 3, 3, 2, 2, 3, 2, 3, 2, 2, 3, 2, 2, 3, 3, 2, 2, 3, 2, 2, 3, 2, 2, 3, 2, 3, 2, 3, 2, 2, 2, 3, 2, 3, 2, 3, 2, 2, 2, 3, 2, 2, 3, 2, 2, 3, 2, 2, 3, 2, 2, 2, 2, 2, 3, 2, 2, 2, 3, 2, 2, 2, 2, 2, 3, 2, 2, 2, 2, 2, 3, 2, 1, 2, 2, 2, 2, 3, 2, 2, 2, 2, 2, 2, 2, 2, 2, 2, 2, 2, 1, 2, 2, 2, 2, 2, 2, 2, 1, 2, 2, 2, 2, 2, 2, 2, 1, 2, 2, 1, 2, 2, 2, 2, 2, 1, 2, 2, 1, 2, 2, 2, 2, 1, 2, 2, 2, 1, 2, 2, 1, 2, 1, 2, 1, 1, 2, 2, 1, 2, 1, 1, 2, 1, 2, 2, 2, 2, 3, 2, 3, 3, 2, 3, 2, 3, 2, 3, 2, 2, 3, 2, 2, 3, 2, 2, 2, 3, 2, 2, 2, 3, 2, 2, 2, 2, 2, 2, 2, 2, 3, 2, 2, 2, 2, 2, 2, 2, 2, 2, 2, 2, 2, 2, 2, 2, 2, 2, 1, 2, 2, 2, 2, 1, 2, 2, 2, 2, 2, 2, 1, 2, 2, 1, 2, 2, 2, 2, 2, 1, 2, 2, 2, 1, 2, 2, 1, 2, 2, 2, 1, 2, 2, 1, 1, 2, 2, 2, 1, 2, 2, 1, 2, 2, 1, 2, 2, 1, 1, 2, 2, 1, 2, 1, 1, 2, 2, 2, 2, 1, 2, 2, 1, 2, 2, 1, 2, 2, 1, 2, 2, 2, 2, 3, 3, 3, 3, 3, 3, 3, 3, 3, 3, 0, 3, 3, 3, 3, 3, 0, 3, 3, 0, 3, 3, 3, 0, 3, 3, 3, 0, 3, 0, 3, 3, 3, 3, 3, 3, 0, 3, 3, 0, 3, 3, 0, 3, 0, 3, 3, 3, 0, 3, 0, 3, 3, 3, 0, 3, 3, 3, 3, 0, 3, 0, 3, 3, 0, 3, 0, 3, 0, 3, 0, 3, 3, 0, 3, 3, 0, 3, 0, 3, 0, 3, 0, 3, 0, 3, 0, 3, 0, 3, 3, 0, 3, 0, 3, 3, 0, 3, 3, 0, 3, 0, 3, 3, 0, 3, 0, 3, 3, 0, 0, 3, 3, 0, 3, 0, 3, 3, 0, 3, 0, 3, 3, 3, 0, 0, 3, 0, 0, 3, 3, 0, 0, 3, 3, 0, 0, 3, 0, 3, 0, 0, 3, 0, 3, 0, 3, 0, 3, 0, 0, 3, 0, 3, 0, 0, 3, 0, 3, 0, 3, 0, 3, 0, 3, 0, 0, 3, 0, 3, 0, 3, 0, 3, 0, 3, 0, 0, 3, 0, 3, 0, 3, 0, 0, 3, 0, 3, 0, 0, 3, 0, 3, 0, 3, 0, 0, 3, 0, 3, 0, 0, 3, 0, 3, 0, 0, 3, 0, 0, 3, 0, 3, 0, 3, 0, 0, 3, 0, 3, 0, 3, 0, 0, 3, 0, 0, 3, 0, 0, 3, 0, 3, 0, 0, 3, 0, 0, 3, 0, 0, 3, 0, 0, 0, 3, 0, 0, 0, 3, 0, 0, 0, 3, 3, 2, 3, 3, 3, 3, 0, 3, 2, 2, 2, 2, 2, 3, 3, 3, 3, 0, 3, 3, 0, 3, 0, 0, 0, 3, 0, 0, 0, 0, 1, 0, 0, 1, 0, 0, 1, 1, 0, 1, 1, 0, 1, 1, 1, 0, 1, 0, 1, 0, 0, 0, 3, 0, 0, 0, 0, 3, 0, 0, 0, 3, 0, 0, 0, 0, 0, 3, 0, 0, 0, 0, 0, 0, 0, 0, 1, 0, 0, 0, 1, 0, 0, 1, 0, 0, 1, 0, 0, 1, 0, 0, 0, 0, 0, 1, 0, 0, 0, 1, 0, 0, 0, 0, 1, 0, 0, 0, 1, 0, 0, 0, 0, 1, 0, 0, 1, 0, 0, 0, 0, 0, 1, 0, 0, 0, 1, 0, 0, 0, 1, 0, 0, 1, 0, 0, 0, 1, 0, 0, 0, 1, 0, 0, 0, 0, 0, 1, 0, 0, 0, 1, 0, 0, 0, 1, 0, 0, 0, 1, 0, 0, 0, 1, 0, 0, 0, 1, 0, 0, 0, 0, 1, 0, 0, 1, 0, 0, 0, 0, 0, 1, 0, 0, 0, 1, 0, 0, 0, 1, 0, 0, 0, 1, 0, 0, 0, 0, 1, 0, 0, 0, 0, 1, 0, 0, 0, 3, 2, 3, 2, 3, 2, 3, 3, 2, 3, 2, 3, 3, 2, 3, 2, 3, 3, 2, 3, 3, 2, 2, 3, 3, 2, 3, 3, 2, 3, 3, 2, 3, 3, 2, 3, 3, 2, 3, 3, 2, 3, 3, 2, 3, 3, 2, 3, 3, 2, 3, 3, 2, 3, 3, 2, 3, 3, 3, 3, 2, 3, 3, 2, 3, 3, 3, 3, 2, 3, 3, 3, 2, 3, 3, 3, 3, 3, 2, 3, 3, 3, 2, 3, 3, 3, 3, 3, 3, 2, 3, 3, 3, 3, 2, 3, 3, 3, 3, 2, 3, 3, 3, 3, 3, 2, 3, 3, 3, 3, 3, 3, 3, 3, 3, 3, 0, 3, 0, 0, 3, 0, 3, 0, 0, 0, 0, 0, 0, 0, 0, 0, 0, 0, 0, 0, 0, 0, 1, 0, 0, 0, 0, 1, 0, 0, 1, 0, 0, 1, 0, 0, 0, 1, 0, 1, 0, 0, 1, 0, 0, 1, 0, 0, 1, 0, 0, 1, 0, 0, 1, 1, 0, 0, 1, 0, 1, 0, 1, 0, 0, 1, 1, 0, 1, 0, 1, 0, 1, 0, 1, 0, 1, 1, 0, 0, 1, 1, 0, 1, 0, 1, 0, 1, 1, 0, 0, 1, 1, 1, 1, 0, 0, 1, 1, 1, 1, 0, 0, 1, 1, 1, 1, 0, 1, 1, 1, 1, 1, 0, 1, 1, 1, 1, 1, 0, 1, 1, 1, 1, 1, 0, 1, 0, 3, 0, 3, 3, 3, 3, 2, 3, 3, 3, 3, 3, 3, 3, 3, 3, 3, 3, 3, 3, 0, 3, 3, 0, 3, 3, 3, 0, 3, 3, 0, 3, 3, 0, 3, 3, 2, 3, 3, 3, 3, 0, 0, 3, 0, 3, 3, 3, 3, 0, 0, 3, 3, 0, 3, 3, 0, 3, 0, 3, 3, 0, 3, 3, 0, 3, 0, 3, 3, 0, 3, 0, 3, 3, 0, 3, 0, 3, 0, 3, 3, 0, 3, 0, 3, 0, 3, 0, 3, 0, 3, 0, 3, 0, 3, 3, 0, 3, 0, 3, 0, 0, 3, 0, 3, 0, 0, 3, 0, 3, 0, 0, 0, 3, 0, 0, 0, 0, 3, 0, 0, 0, 0, 0, 0, 0, 0, 1, 0, 0, 1, 1, 0, 1, 1, 0, 1, 1, 1, 1, 0, 1, 1, 1, 1, 1, 1, 1, 1, 1, 1, 1, 1, 1, 1, 1, 1, 1, 1, 1, 1, 1, 1, 1, 1, 1, 1, 1, 1, 1, 1, 1, 1, 1, 1, 1, 1, 1, 1, 0, 1, 1, 1, 1, 1, 1, 1, 1, 1, 1, 1, 1, 1, 1, 1, 1, 1, 1, 1, 1, 1, 1, 1, 1, 1, 2, 1, 1, 1, 1, 1, 2, 1, 1, 1, 0, 0, 0, 0, 0, 3, 0, 3, 0, 0, 3, 0, 3, 3, 0, 3, 0, 3, 3, 0, 3, 3, 0, 3, 3, 0, 3, 0, 3, 3, 3, 0, 3, 0, 3, 3, 0, 3, 3, 0, 3, 0, 3, 3, 0, 3, 0, 3, 3, 3, 0, 3, 3, 0, 3, 3, 0, 3, 3, 0, 3, 3, 0, 3, 3, 0, 3, 3, 0, 3, 3, 3, 0, 3, 3, 0, 3, 3, 0, 3, 3, 0, 3, 3, 0, 3, 3, 3, 3, 0, 3, 3, 0, 3, 3, 3, 0, 3, 3, 3, 0, 3, 3, 0, 3, 3, 3, 3, 0, 3, 3, 3, 0, 3, 3, 3, 3, 0, 3, 3, 3, 3, 0, 3, 3, 3, 0, 3, 3, 3, 3, 3, 3, 3, 3, 3, 3, 3, 0, 3, 2, 3, 3, 3, 3, 3, 3, 3, 3, 3, 3, 3, 3, 2, 3, 3, 3, 3, 3, 3, 3, 3, 3, 3, 0, 3, 3, 0, 3, 0, 3, 3, 0, 3, 3, 3, 0, 3, 3, 0, 0, 0, 0, 3, 0, 3, 0, 0, 3, 3, 0, 0, 3, 0, 3, 0, 3, 0, 0, 3, 2, 3, 3, 3, 3, 2, 3, 3, 2, 3, 3, 2, 3, 2, 3, 3, 3, 2, 3, 3, 3, 3, 0, 3, 3, 3, 0, 3, 0, 0, 3, 0, 0, 3, 0, 0, 0, 0, 0, 1, 1, 1, 1, 2, 1, 2, 2, 1, 1, 0, 1, 0, 0, 1, 1, 0, 1, 1, 1, 1, 1, 0, 3, 0, 3, 0, 3, 0, 3, 0, 3, 0, 0, 3, 0, 3, 0, 3, 0, 3, 0, 0, 3, 3, 0, 0, 0, 3, 3, 0, 3, 0, 0, 3, 0, 0, 3, 0, 3, 0, 0, 3, 0, 3, 0, 3, 0, 3, 0, 0, 3, 0, 3, 0, 3, 0, 0, 3, 0, 3, 0, 0, 3, 0, 3, 0, 3, 0, 0, 0, 3, 3, 0, 0, 3, 0, 3, 0, 0, 3, 0, 0, 3, 0, 3, 0, 0, 3, 0, 0, 3, 0, 0, 3, 0, 3, 0, 3, 0, 0, 3, 0, 3, 0, 0, 3, 0, 3, 0, 0, 3, 0, 3, 0, 0, 3, 0, 3, 0, 0, 3, 0, 3, 0, 0, 3, 0, 3, 0, 0, 3, 0, 3, 0, 0, 3, 0, 3, 0, 0, 3, 0, 3, 0, 0, 0, 3, 0, 0, 0, 0, 3, 0, 3, 0, 3, 0, 0, 3, 0, 0, 0, 0, 0, 0, 0, 0, 0, 0, 0, 0, 3, 0, 0, 0, 0, 0, 3, 0, 0, 0, 0, 0, 0, 3, 0, 0, 0, 0, 0, 0, 0, 3, 0, 0, 0, 0, 0, 0, 3, 0, 0, 0, 0, 3, 0, 0, 0, 0, 0, 0, 0, 3, 0, 0, 0, 0, 0, 3, 0, 0, 0, 0, 3, 0, 0, 0, 0, 0, 0, 0, 3, 0, 0, 0, 0, 0, 0, 3, 0, 0, 3]
BWT          : [3, 0, 0, 0, 3, 0, 0, 0, 0, 0, 0, 3, 0, 0, 0, 0, 0, 0, 0, 0, 0, 0, 1, 0, 3, 3, 0, 0, 0, 0, 0, 0, 3, 3, 0, 3, 0, 0, 0, 0, 0, 3, 0, 0, 0, 0, 3, 3, 0, 0, 0, 1, 1, 1, 1, 0, 3, 0, 1, 3, 3, 0, 3, 0, 0, 0, 0, 3, 0, 0, 3, 1, 0, 0, 1, 0, 0, 1, 0, 0, 0, 0, 0, 1, 1, 1, 1, 3, 0, 0, 0, 0, 3, 0, 3, 3, 0, 0, 0, 0, 0, 0, 0, 3, 0, 0, 0, 3, 3, 3, 0, 1, 0, 1, 1, 0, 1, 1, 0, 1, 1, 0, 1, 0, 1, 1, 0, 1, 1, 0, 0, 1, 0, 0, 0, 0, 0, 1, 0, 1, 0, 0, 1, 0, 1, 0, 0, 0, 0, 0, 0, 0, 0, 0, 3, 0, 0, 3, 3, 0, 0, 1, 3, 0, 3, 3, 0, 0, 0, 0, 0, 0, 1, 3, 3, 3, 0, 1, 1, 0, 1, 0, 0, 0, 0, 0, 0, 0, 0, 0, 0, 0, 0, 1, 0, 0, 0, 0, 0, 0, 0, 0, 0, 1, 0, 0, 1, 0, 0, 0, 1, 1, 0, 0, 1, 1, 1, 0, 1, 1, 0, 0, 0, 1, 0, 1, 1, 1, 1, 1, 1, 1, 1, 1, 1, 0, 1, 3, 3, 0, 0, 0, 0, 0, 0, 0, 0, 3, 3, 0, 0, 0, 0, 0, 0, 0, 0, 0, 0, 3, 0, 0, 0, 0, 3, 3, 3, 3, 3, 3, 3, 3, 3, 3, 3, 3, 3, 3, 3, 3, 3, 3, 3, 3, 3, 3, 3, 3, 3, 3, 3, 3, 3, 3, 3, 3, 3, 0, 0, 3, 0, 3, 3, 3, 3, 3, 3, 3, 3, 3, 3, 3, 3, 0, 3, 3, 0, 3, 3, 0, 3, 3, 3, 0, 3, 3, 0, 0, 0, 0, 0, 0, 0, 0, 0, 0, 0, 0, 0, 0, 0, 0, 0, 0, 0, 0, 0, 0, 0, 0, 0, 0, 0, 0, 0, 0, 1, 0, 0, 0, 0, 0, 0, 0, 0, 0, 1, 0, 0, 0, 0, 0, 1, 0, 0, 1, 1, 1, 0, 1, 0, 0, 1, 1, 1, 1, 0, 1, 1, 1, 1, 1, 1, 1, 0, 1, 1, 0, 0, 1, 1, 0, 0, 1, 1, 0, 1, 1, 0, 0, 1, 0, 1, 1, 1, 1, 1, 1, 1, 1, 1, 1, 1, 1, 1, 0, 1, 1, 0, 1, 0, 0, 3, 0, 0, 0, 0, 0, 0, 0, 0, 0, 0, 0, 0, 0, 0, 1, 0, 0, 0, 0, 0, 0, 0, 3, 3, 3, 0, 0, 3, 0, 0, 3, 0, 0, 0, 3, 0, 3, 3, 3, 0, 3, 3, 0, 3, 3, 3, 3, 0, 0, 3, 3, 3, 3, 3, 3, 3, 3, 3, 3, 3, 3, 3, 0, 3, 3, 3, 3, 0, 3, 3, 0, 3, 3, 3, 3, 3, 3, 3, 3, 3, 0, 0, 0, 0, 3, 3, 0, 3, 0, 0, 0, 0, 0, 0, 3, 0, 3, 0, 0, 0, 0, 0, 0, 3, 3, 3, 3, 0, 3, 0, 3, 3, 0, 0, 3, 3, 0, 0, 3, 3, 0, 0, 0, 0, 0, 0, 0, 0, 3, 0, 3, 3, 3, 3, 0, 3, 0, 0, 3, 3, 3, 0, 0, 1, 0, 3, 3, 3, 3, 3, 3, 3, 3, 3, 3, 3, 3, 3, 0, 3, 3, 3, 3, 3, 3, 3, 3, 0, 3, 3, 3, 3, 3, 3, 3, 3, 3, 3, 3, 3, 3, 3, 0, 1, 3, 3, 0, 0, 3, 3, 0, 0, 0, 0, 0, 3, 3, 0, 3, 3, 3, 3, 3, 3, 3, 3, 3, 0, 3, 3, 3, 3, 3, 3, 3, 3, 3, 3, 3, 3, 3, 0, 3, 3, 3, 3, 3, 3, 3, 3, 3, 3, 3, 3, 3, 3, 3, 3, 3, 3, 3, 3, 3, 3, 3, 0, 3, 3, 3, 3, 3, 3, 3, 3, 3, 3, 3, 3, 3, 3, 3, 3, 3, 3, 3, 3, 3, 3, 3, 3, 3, 3, 0, 0, 0, 0, 0, 0, 1, 0, 0, 0, 0, 0, 0, 0, 0, 0, 0, 0, 0, 0, 0, 0, 0, 0, 0, 0, 0, 0, 0, 0, 0, 0, 0, 0, 0, 0, 0, 0, 0, 0, 0, 0, 0, 0, 0, 1, 0, 0, 1, 0, 0, 0, 1, 1, 1, 0, 2, 0, 0, 0, 1, 0, 1, 0, 1, 0, 0, 1, 0, 0, 0, 1, 1, 2, 1, 0, 0, 1, 0, 1, 1, 1, 0, 1, 1, 1, 1, 1, 1, 1, 1, 1, 1, 1, 1, 1, 0, 0, 1, 1, 1, 1, 0, 1, 0, 0, 0, 1, 1, 2, 1, 0, 0, 0, 0, 1, 1, 0, 0, 0, 1, 0, 1, 1, 1, 1, 1, 1, 0, 1, 1, 1, 1, 1, 1, 1, 1, 2, 1, 1, 0, 1, 1, 1, 1, 1, 1, 1, 1, 1, 1, 1, 1, 0, 2, 1, 1, 1, 0, 0, 1, 0, 1, 1, 1, 1, 0, 1, 1, 1, 0, 1, 1, 1, 1, 0, 0, 0, 1, 0, 1, 0, 1, 1, 0, 1, 0, 1, 1, 1, 1, 1, 1, 1, 1, 1, 1, 1, 0, 1, 1, 1, 1, 2, 1, 1, 1, 1, 2, 2, 1, 1, 1, 1, 1, 1, 1, 1, 1, 1, 1, 1, 1, 1, 1, 1, 1, 1, 1, 1, 1, 1, 1, 1, 1, 1, 1, 0, 0, 1, 1, 1, 1, 1, 1, 1, 1, 2, 1, 1, 1, 1, 1, 1, 1, 2, 1, 1, 1, 1, 1, 1, 1, 2, 2, 1, 1, 1, 1, 1, 2, 1, 1, 0, 1, 1, 1, 1, 1, 1, 0, 1, 1, 2, 2, 2, 1, 1, 1, 2, 1, 1, 1, 1, 1, 1, 1, 1, 1, 2, 1, 1, 1, 2, 1, 1, 1, 1, 0, 1, 1, 2, 1, 1, 1, 1, 1, 1, 1, 1, 1, 2, 1, 1, 1, 0, 1, 1, 1, 1, 1, 1, 1, 0, 1, 2, 1, 1, 1, 1, 2, 1, 2, 1, 2, 1, 2, 1, 0, 0, 1, 1, 0, 1, 1, 1, 1, 2, 1, 1, 2, 1, 1, 1, 1, 1, 1, 1, 1, 1, 1, 1, 1, 2, 2, 1, 2, 1, 2, 1, 2, 2, 1, 2, 2, 2, 2, 2, 2, 1, 1, 2, 2, 1, 2, 2, 1, 1, 2, 1, 1, 2, 2, 2, 1, 1, 1, 1, 1, 1, 1, 1, 1, 1, 1, 1, 1, 2, 1, 1, 1, 1, 2, 2, 1, 1, 1, 2, 1, 2, 2, 1, 2, 2, 2, 2, 1, 2, 1, 2, 1, 2, 1, 1, 1, 1, 2, 2, 2, 2, 1, 2, 2, 2, 2, 2, 2, 2, 2, 2, 1, 2, 2, 2, 1, 1, 2, 2, 1, 1, 2, 2, 2, 2, 1, 2, 1, 2, 2, 1, 2, 1, 2, 2, 2, 1, 1, 2, 2, 2, 2, 2, 2, 1, 2, 1, 1, 2, 1, 2, 1, 2, 2, 1, 2, 1, 1, 1, 1, 1, 1, 1, 1, 1, 2, 1, 1, 1, 1, 1, 1, 1, 1, 1, 1, 1, 1, 1, 2, 1, 1, 1, 1, 1, 1, 1, 1, 2, 1, 1, 1, 2, 1, 2, 1, 1, 2, 1, 1, 1, 1, 2, 1, 1, 2, 2, 1, 2, 1, 2, 2, 1, 1, 2, 2, 2, 1, 2, 2, 1, 1, 2, 1, 2, 1, 2, 1, 2, 1, 2, 2, 2, 2, 2, 1, 1, 1, 1, 1, 1, 2, 1, 1, 1, 1, 2, 1, 2, 1, 2, 2, 2, 2, 2, 1, 2, 2, 1, 2, 2, 2, 2, 2, 2, 1, 2, 1, 2, 1, 2, 2, 2, 1, 1, 1, 2, 1, 1, 1, 1, 1, 1, 1, 1, 2, 1, 1, 2, 2, 2, 2, 1, 1, 1, 1, 1, 1, 1, 1, 2, 2, 2, 2, 2, 2, 2, 2, 2, 2, 1, 2, 2, 1, 2, 2, 2, 2, 2, 2, 2, 2, 1, 2, 2, 1, 2, 2, 2, 1, 2, 2, 1, 1, 2, 2, 1, 2, 2, 2, 2, 2, 2, 2, 1, 1, 1, 2, 1, 2, 1, 2, 2, 1, 1, 2, 1, 1, 1, 1, 1, 1, 1, 1, 1, 1, 1, 1, 1, 1, 1, 1, 1, 1, 1, 1, 1, 1, 1, 1, 2, 1, 1, 1, 1, 1, 1, 2, 1, 1, 2, 1, 1, 1, 1, 1, 2, 1, 2, 2, 1, 1, 1, 1, 1, 1, 1, 2, 1, 1, 1, 1, 1, 1, 1, 1, 2, 1, 2, 1, 1, 1, 1, 1, 1, 1, 1, 2, 1, 1, 1, 2, 2, 2, 2, 1, 1, 1, 1, 2, 1, 2, 2, 1, 1, 1, 1, 2, 1, 2, 2, 1, 2, 2, 2, 2, 1, 1, 2, 1, 1, 1, 1, 1, 1, 1, 1, 1, 1, 1, 2, 1, 1, 2, 2, 2, 1, 1, 1, 1, 2, 1, 2, 1, 2, 1, 2, 1, 1, 1, 2, 1, 1, 2, 2, 1, 1, 2, 2, 2, 1, 2, 1, 1, 1, 2, 1, 2, 2, 1, 1, 1, 2, 2, 2, 2, 1, 2, 2, 2, 2, 2, 2, 2, 2, 2, 2, 2, 2, 1, 2, 2, 2, 2, 2, 2, 2, 3, 2, 2, 2, 2, 2, 2, 3, 1, 1, 2, 1, 2, 1, 1, 1, 2, 2, 1, 1, 1, 1, 1, 2, 2, 1, 1, 1, 1, 1, 1, 1, 1, 2, 2, 2, 1, 1, 1, 1, 1, 1, 1, 1, 1, 1, 1, 1, 1, 2, 1, 2, 1, 2, 2, 1, 1, 1, 1, 2, 2, 2, 1, 1, 2, 2, 2, 2, 2, 1, 1, 1, 2, 2, 2, 1, 1, 2, 1, 1, 2, 2, 2, 2, 1, 2, 1, 2, 1, 1, 2, 1, 2, 2, 2, 1, 1, 1, 1, 2, 1, 2, 2, 2, 2, 2, 1, 2, 2, 2, 2, 2, 3, 3, 2, 2, 2, 1, 2, 1, 2, 2, 2, 2, 1, 2, 2, 1, 2, 2, 2, 2, 2, 1, 1, 1, 2, 2, 1, 2, 2, 2, 2, 2, 2, 2, 1, 2, 2, 2, 2, 2, 2, 1, 2, 1, 2, 2, 3, 2, 2, 2, 2, 3, 2, 2, 2, 2, 2, 2, 2, 2, 2, 2, 3, 2, 2, 1, 2, 2, 2, 3, 1, 3, 2, 2, 2, 2, 2, 2, 3, 2, 2, 2, 2, 2, 2, 3, 3, 2, 3, 2, 2, 3, 3, 3, 2, 2, 2, 1, 1, 3, 2, 2, 1, 2, 2, 3, 3, 2, 3, 2, 3, 2, 3, 1, 2, 2, 1, 1, 2, 3, 2, 1, 2, 1, 2, 3, 2, 3, 3, 2, 2, 3, 3, 2, 3, 2, 3, 2, 2, 2, 3, 2, 3, 2, 3, 3, 2, 3, 3, 2, 2, 3, 2, 2, 3, 3, 3, 3, 3, 3, 2, 2, 2, 2, 2, 2, 2, 2, 2, 2, 2, 2, 2, 2, 2, 2, 2, 2, 2, 2, 3, 2, 2, 2, 2, 3, 2, 2, 2, 3, 3, 3, 2, 2, 2, 3, 3, 2, 3, 3, 2, 3, 3, 2, 3, 3, 3, 3, 3, 3, 3, 3, 3, 3, 2, 3, 2, 2, 2, 3, 2, 2, 2, 3, 2, 3, 2, 3, 3, 2, 2, 3, 3, 2, 2, 3, 2, 3, 3, 3, 3, 2, 2, 3, 2, 2, 2, 2, 2, 2, 2, 2, 2, 2, 3, 2, 3, 2, 2, 2, 2, 2, 3, 2, 2, 3, 3, 3, 2, 2, 2, 2, 3, 2, 2, 2, 2, 2, 3, 2, 3, 3, 2, 2, 2, 3, 2, 2, 2, 2, 2, 3, 2, 3, 2, 2, 2, 3, 2, 3, 2, 2, 2, 2, 3, 2, 2, 2, 2, 3, 2, 2, 3, 3, 2, 2, 2, 3, 2, 2, 2, 2, 3, 2, 3, 2, 3, 2, 2, 2, 3, 3, 2, 2, 2, 2, 3, 2, 3, 3, 3, 3, 3, 3, 3, 2, 3, 3, 3, 3, 3, 3, 2, 2, 2, 2, 2, 2, 3, 2, 3, 3, 3, 3, 3, 2, 3, 3, 3, 3, 3, 2, 3, 3, 3, 2, 3, 3, 3, 3, 3, 3, 3, 3, 3, 3, 3, 2, 3, 3, 3, 3, 3, 2, 3, 3, 3, 3, 3, 3, 3, 3, 3, 3, 3, 3, 2, 3, 3, 0, 0, 0, 0, 0, 0, 0, 0, 0, 0, 0, 0, 0, 0, 0, 0, 0, 0, 0, 0, 0, 0, 3, 0, 3, 0, 0, 0, 0, 0, 0, 0, 3, 0, 0, 0, 0, 0, 0, 0, 0, 0, 0, 0, 0, 0, 0, 0, 0, 3, 0, 0, 0, 0, 0, 3, 0, 0, 0, 0, 0, 0, 0, 0, 0, 0, 0, 0, 0, 3, 0, 0, 0, 0, 0, 0, 0, 0, 0, 3, 0, 0, 0, 0, 0, 0, 3, 0, 0, 3, 0, 0, 3, 3, 0, 3, 0, 0, 0, 0, 3, 0, 0, 0, 0, 3, 0, 3, 0, 0, 0, 0, 0, 0, 0, 0, 0, 0, 0, 0, 0, 0, 0, 0, 0, 0, 0, 0, 0, 0, 0, 0, 0, 0, 0, 0, 0, 0, 0, 0, 0, 3, 0, 0, 0, 0, 0, 0, 0, 0, 0, 0, 0, 0, 0, 0, 0, 0, 0, 0, 0, 0, 0, 3, 3, 0, 0, 0, 0, 0, 0, 3, 0, 3, 0, 0, 3, 0, 0, 3, 3, 3, 3, 0, 3, 3, 0, 3, 3, 3, 3, 3, 0, 3, 3, 3, 3, 3, 3, 3, 3, 3, 0, 3, 0, 0, 3, 0, 0, 0, 0, 3, 3, 3, 0, 3, 0, 3, 0, 3, 3, 0, 0, 0, 0, 0, 3, 3, 0, 3, 3, 3, 3, 3, 3, 3, 3, 3, 3, 0, 3, 3, 3, 3, 3, 3, 3, 0, 3, 0, 3, 0, 0, 3, 3, 0, 3, 3, 3, 3, 3, 0, 3, 3, 3, 0, 3, 3, 3, 3, 3, 0, 3, 0, 3, 3, 2, 2, 2, 2, 2, 2, 2, 2, 2, 2, 2, 2, 2, 2, 2, 0, 2, 2, 2, 2, 2, 2, 2, 2, 2, 2, 2, 2, 2, 2, 2, 2, 2, 2, 2, 2, 2, 3, 3, 2, 2, 2, 2, 2, 2, 2, 2, 2, 2, 2, 2, 2, 2, 2, 3, 2, 2, 2, 3, 2, 2, 3, 2, 2, 2, 2, 2, 3, 3, 2, 2, 2, 2, 2, 3, 2, 3, 2, 2, 2, 2, 2, 2, 2, 2, 2, 2, 2, 2, 2, 2, 2, 2, 2, 2, 2, 2, 2, 2, 2, 3, 2, 3, 3, 2, 3, 0, 3, 2, 2, 3, 2, 3, 3, 3, 2, 2, 3, 2, 2, 3, 2, 3, 2, 2, 3, 2, 3, 3, 3, 3, 3, 3, 3, 3, 3, 3, 3, 3, 3, 3, 2, 3, 3, 3, 3, 2, 3, 0, 3, 3, 3, 3, 3, 3, 3, 3, 3, 0, 3, 0, 3, 0, 3, 0, 0, 0, 3, 0, 0, 3, 0, 3, 0, 3, 0, 0, 0, 0, 0, 0, 3, 0, 0, 0, 0, 0, 0, 0, 3, 0, 0, 0, 0, 0, 0, 3, 3, 3, 3, 3, 3, 0, 0, 0, 0, 0, 3, 0, 0, 0, 3, 3, 0, 0, 3, 0, 0, 3, 0, 0, 0, 0, 3, 3, 3, 3, 0, 3, 0, 3, 3, 0, 0, 0, 3, 0, 0, 3, 3, 0, 3, 0, 0, 3, 3, 3, 3, 2, 0, 2, 2, 2, 2, 2, 2, 2, 2, 2, 2, 2, 2, 2, 2, 2, 2, 2, 2, 2, 2, 2, 2, 3, 3, 2, 2, 2, 2, 2, 2, 2, 2, 2, 2, 3, 3, 3, 0, 0, 3, 2, 2, 3, 3, 3, 3, 3, 3, 3, 3, 3, 0, 3, 3, 0, 3, 3, 0, 0, 0, 3, 3, 0, 3, 3, 3, 0, 0, 0, 3, 3, 3, 3, 0, 3, 0, 0, 3, 3, 0, 3, 0, 3, 0, 3, 2, 3, 3, 3, 2, 3, 3, 2, 3, 2, 3, 3, 3, 0, 2, 0, 3, 0, 2, 3, 2, 3, 3, 3, 3, 0, 2, 2, 0, 0, 0, 3, 2, 2, 2, 3, 3, 2, 2, 3, 3, 0, 3, 3, 3, 3, 3, 0, 3, 2, 3, 2, 3, 3, 3, 3, 0, 3, 3, 2, 3, 3, 3, 3, 3, 3, 3, 3, 3, 3, 3, 3, 3, 3, 3, 3, 3, 3, 3, 2, 3, 2, 3, 2, 3, 0, 3, 3, 3, 2, 2]  (index=0)
Round-trip   : lossless

MTFT         : 
Iteraciones usadas: 1
Entropía de salida: 1.1263 bits/símbolo
Round-trip   : lossless

[Compresores] (entrada: cadena post-MTFT, 2814 símbolos)
Algoritmo       Tamaño (bytes)  Tasa de compresión  
-------------- -------------- ------------------
Huffman         493             0.1752               lossless  
ZIP             685             0.2434               lossless  
Aritmético      397             0.1411               lossless  
PPM             1260            0.4478               lossless  
=======================================================
F8 - 2010 símbolos

-------------------------------------------------------
--- F8 ---
Longitud     : 2010
Original     : [4, 3, 4, 3, 4, 4, 4, 4, 4, 3, 4, 4, 4, 4, 4, 4, 3, 4, 4, 4, 3, 4, 4, 4, 4, 3, 4, 4, 4, 4, 4, 4, 3, 4, 4, 4, 3, 4, 4, 4, 4, 4, 3, 4, 4, 4, 4, 4, 4, 3, 4, 4, 4, 4, 4, 3, 4, 4, 4, 4, 3, 4, 4, 4, 4, 4, 4, 4, 4, 4, 4, 4, 3, 4, 3, 3, 3, 4, 4, 4, 3, 4, 4, 3, 3, 4, 3, 3, 4, 3, 3, 4, 3, 3, 4, 3, 3, 4, 3, 3, 4, 3, 3, 4, 3, 3, 4, 3, 3, 4, 3, 3, 3, 4, 3, 4, 3, 4, 3, 3, 4, 3, 4, 3, 3, 3, 3, 4, 4, 3, 3, 3, 4, 3, 3, 4, 3, 3, 3, 4, 3, 3, 3, 3, 4, 3, 3, 4, 3, 4, 3, 2, 3, 4, 3, 3, 4, 3, 3, 3, 3, 4, 3, 3, 3, 3, 3, 5, 6, 6, 6, 6, 5, 5, 5, 5, 6, 7, 0, 7, 6, 6, 5, 4, 4, 4, 3, 4, 3, 4, 3, 2, 2, 3, 2, 2, 2, 1, 2, 2, 1, 1, 2, 1, 2, 1, 2, 2, 2, 1, 3, 4, 3, 3, 3, 3, 3, 4, 3, 3, 4, 4, 3, 3, 2, 2, 3, 2, 3, 3, 2, 3, 2, 2, 2, 2, 2, 2, 2, 2, 2, 1, 2, 2, 2, 2, 2, 2, 2, 2, 2, 2, 2, 1, 3, 2, 2, 2, 2, 2, 2, 2, 2, 2, 2, 3, 2, 2, 3, 2, 2, 2, 3, 2, 2, 2, 3, 2, 2, 3, 2, 2, 2, 3, 2, 3, 2, 2, 3, 2, 2, 3, 2, 3, 2, 2, 2, 3, 2, 3, 2, 3, 2, 3, 2, 3, 2, 2, 3, 2, 3, 2, 3, 2, 3, 2, 3, 2, 3, 2, 3, 2, 2, 3, 3, 2, 3, 3, 2, 3, 2, 3, 3, 2, 2, 3, 3, 2, 3, 2, 3, 2, 3, 3, 2, 3, 3, 4, 3, 3, 4, 4, 4, 4, 5, 6, 6, 7, 6, 6, 6, 6, 7, 6, 6, 6, 6, 6, 6, 6, 6, 6, 6, 6, 6, 6, 6, 6, 6, 6, 6, 6, 6, 6, 6, 6, 6, 5, 6, 6, 6, 6, 6, 6, 6, 6, 6, 6, 6, 6, 6, 6, 6, 6, 6, 6, 6, 6, 6, 6, 6, 6, 6, 6, 6, 6, 6, 6, 6, 6, 6, 6, 6, 6, 6, 5, 6, 6, 6, 5, 6, 5, 5, 5, 4, 4, 4, 4, 4, 4, 4, 3, 4, 4, 4, 3, 4, 4, 3, 3, 4, 3, 3, 4, 3, 3, 2, 3, 3, 3, 3, 3, 3, 3, 2, 3, 3, 3, 2, 3, 3, 2, 3, 3, 2, 3, 2, 3, 3, 2, 3, 2, 3, 3, 2, 2, 3, 3, 3, 2, 2, 1, 2, 3, 2, 3, 2, 3, 2, 2, 3, 2, 3, 2, 2, 2, 2, 2, 2, 2, 2, 2, 2, 2, 2, 1, 2, 2, 2, 3, 3, 5, 5, 6, 6, 6, 6, 5, 6, 6, 6, 6, 5, 6, 6, 6, 6, 5, 6, 6, 5, 5, 6, 6, 5, 5, 6, 6, 5, 5, 6, 5, 5, 5, 5, 5, 6, 5, 5, 5, 5, 5, 5, 5, 5, 5, 4, 5, 5, 5, 4, 5, 4, 5, 4, 5, 4, 5, 5, 4, 4, 5, 4, 5, 4, 5, 4, 4, 4, 5, 4, 4, 4, 4, 4, 4, 4, 4, 4, 4, 4, 4, 4, 4, 3, 3, 4, 3, 2, 2, 2, 2, 2, 2, 2, 2, 2, 1, 2, 2, 2, 2, 1, 2, 2, 2, 1, 2, 2, 2, 1, 2, 2, 2, 2, 2, 1, 2, 2, 1, 2, 2, 2, 2, 1, 2, 2, 1, 2, 2, 2, 1, 2, 1, 2, 2, 2, 1, 2, 1, 2, 1, 2, 1, 2, 1, 2, 1, 2, 1, 2, 1, 2, 1, 2, 1, 2, 1, 1, 1, 2, 1, 2, 1, 1, 2, 1, 1, 2, 1, 1, 1, 3, 4, 4, 5, 4, 4, 4, 5, 4, 4, 4, 5, 4, 4, 5, 4, 4, 5, 4, 4, 5, 4, 4, 4, 4, 5, 4, 5, 4, 4, 4, 5, 4, 4, 5, 4, 4, 5, 4, 4, 5, 4, 4, 5, 4, 4, 5, 4, 4, 4, 4, 5, 4, 4, 5, 4, 4, 5, 4, 5, 4, 4, 5, 4, 4, 5, 4, 4, 4, 4, 5, 4, 5, 4, 4, 4, 5, 4, 4, 5, 4, 4, 4, 5, 4, 4, 5, 4, 4, 4, 4, 5, 4, 5, 4, 5, 4, 5, 4, 4, 5, 4, 4, 4, 4, 4, 4, 4, 3, 4, 4, 4, 4, 3, 4, 4, 3, 4, 4, 4, 3, 4, 4, 5, 5, 5, 6, 6, 5, 6, 5, 5, 5, 4, 5, 4, 4, 4, 3, 4, 4, 3, 2, 3, 2, 2, 1, 0, 0, 0, 1, 3, 2, 2, 2, 1, 2, 3, 4, 4, 3, 4, 4, 3, 4, 4, 3, 4, 3, 4, 3, 4, 3, 3, 4, 3, 4, 3, 4, 3, 3, 3, 4, 3, 3, 3, 4, 3, 4, 3, 3, 4, 3, 3, 4, 3, 3, 3, 4, 3, 3, 4, 3, 3, 3, 4, 3, 3, 3, 3, 3, 4, 3, 3, 3, 3, 3, 4, 3, 3, 4, 3, 3, 3, 3, 4, 3, 3, 3, 3, 3, 3, 4, 3, 3, 2, 3, 3, 2, 3, 3, 2, 3, 3, 3, 3, 2, 3, 3, 2, 3, 2, 3, 3, 2, 3, 3, 3, 3, 3, 3, 3, 2, 3, 2, 3, 3, 3, 3, 2, 3, 3, 2, 2, 2, 3, 2, 2, 3, 3, 2, 2, 3, 3, 2, 3, 2, 3, 2, 2, 2, 2, 2, 3, 3, 2, 2, 3, 2, 2, 3, 2, 3, 2, 2, 2, 2, 3, 2, 2, 2, 2, 2, 2, 2, 2, 1, 0, 0, 7, 0, 7, 0, 7, 0, 7, 0, 0, 7, 7, 7, 7, 7, 0, 7, 0, 7, 0, 7, 0, 7, 7, 0, 7, 0, 0, 7, 0, 7, 0, 0, 7, 0, 0, 0, 0, 7, 0, 7, 0, 0, 0, 0, 0, 7, 0, 0, 0, 7, 0, 0, 0, 0, 0, 0, 0, 0, 0, 0, 0, 0, 0, 0, 0, 0, 1, 0, 0, 0, 0, 0, 0, 0, 1, 0, 0, 1, 0, 0, 1, 0, 1, 0, 1, 1, 1, 1, 2, 1, 0, 0, 0, 7, 6, 7, 7, 7, 7, 7, 7, 0, 7, 0, 0, 7, 0, 0, 0, 7, 0, 7, 0, 0, 0, 0, 7, 0, 7, 0, 0, 0, 0, 0, 0, 7, 0, 0, 0, 0, 0, 0, 7, 0, 0, 0, 0, 0, 0, 0, 0, 0, 0, 0, 1, 0, 0, 0, 7, 1, 0, 0, 0, 0, 1, 0, 0, 0, 0, 1, 0, 0, 1, 0, 0, 0, 0, 1, 0, 1, 0, 1, 0, 1, 0, 0, 1, 1, 1, 0, 0, 1, 1, 1, 0, 1, 0, 1, 0, 1, 1, 1, 0, 1, 1, 0, 1, 1, 1, 1, 1, 1, 0, 1, 2, 1, 1, 1, 1, 2, 1, 1, 0, 0, 7, 6, 7, 0, 7, 6, 5, 5, 7, 6, 7, 7, 6, 7, 7, 7, 6, 7, 7, 7, 7, 7, 7, 7, 7, 0, 7, 6, 7, 0, 0, 7, 6, 7, 0, 7, 7, 0, 7, 0, 7, 0, 0, 7, 0, 0, 7, 0, 7, 0, 0, 0, 0, 7, 1, 1, 0, 7, 6, 7, 0, 0, 0, 0, 0, 0, 0, 0, 0, 0, 0, 0, 0, 7, 0, 0, 1, 0, 0, 1, 0, 0, 0, 0, 1, 0, 0, 0, 1, 1, 0, 0, 0, 0, 0, 1, 0, 0, 1, 1, 0, 0, 1, 0, 0, 1, 0, 1, 0, 0, 1, 0, 0, 0, 1, 1, 1, 0, 0, 1, 0, 1, 1, 0, 0, 1, 1, 1, 0, 0, 0, 1, 1, 0, 1, 0, 1, 0, 1, 1, 0, 0, 1, 0, 0, 1, 1, 0, 0, 1, 2, 3, 3, 3, 4, 4, 3, 2, 2, 3, 2, 3, 2, 2, 2, 1, 1, 1, 1, 0, 0, 1, 1, 0, 0, 0, 0, 0, 0, 0, 0, 0, 0, 7, 7, 7, 6, 7, 6, 6, 6, 6, 6, 6, 6, 6, 6, 6, 6, 6, 7, 7, 0, 0, 0, 0, 0, 0, 0, 0, 1, 0, 0, 1, 0, 1, 0, 0, 0, 0, 0, 1, 1, 0, 0, 1, 1, 0, 1, 0, 1, 0, 1, 0, 1, 0, 1, 1, 0, 0, 7, 7, 0, 0, 0, 0, 0, 0, 0, 1, 0, 0, 1, 0, 0, 0, 1, 0, 0, 0, 1, 0, 0, 1, 0, 0, 1, 0, 1, 0, 1, 0, 1, 0, 1, 1, 0, 1, 0, 1, 1, 1, 1, 1, 0, 1, 1, 1, 2, 1, 1, 1, 2, 1, 1, 2, 1, 2, 1, 2, 1, 2, 1, 0, 0, 7, 6, 6, 6, 5, 6, 6, 6, 6, 5, 6, 6, 6, 6, 5, 6, 6, 6, 6, 6, 6, 6, 5, 6, 6, 6, 6, 6, 6, 6, 6, 7, 6, 6, 6, 6, 6, 6, 7, 6, 6, 6, 6, 6, 6, 6, 6, 7, 6, 6, 6, 7, 6, 7, 6, 7, 7, 6, 7, 7, 6, 6, 6, 6, 6, 6, 6, 5, 6, 6, 5, 5, 6, 5, 6, 6, 6, 5, 6, 6, 6, 6, 5, 6, 6, 6, 6, 6, 6, 6, 6, 6, 6, 7, 6, 6, 7, 0, 0, 0, 1, 0, 0, 0, 0, 0, 0, 0, 0, 0, 0, 1, 1, 0, 0, 7, 7, 0, 7, 6, 7, 6, 7, 6, 6, 6, 6, 6, 6, 6, 5, 5, 6, 5, 5, 4, 4, 5, 4, 4, 4, 4, 3, 4, 3, 4, 4, 4, 4, 3, 5, 6, 6, 6, 6, 6, 6, 6, 6, 6, 7, 6, 6, 6, 6, 6, 6, 7, 6, 6, 6, 6, 6, 6, 7, 6, 7, 6, 6, 7, 6, 7, 6, 6, 7, 6, 6, 7, 6, 7, 7, 6, 7, 6, 7, 6, 7, 7, 6, 7, 6, 6, 7, 6, 7, 7, 7, 6, 7, 7, 6, 6, 7, 7, 6, 7, 6, 7, 7, 7, 7, 6, 6, 7, 7, 7, 6, 7, 7, 7, 7, 7, 7, 7, 7, 7, 7, 7, 7, 0, 7, 7, 7, 7, 7, 0, 7, 0, 7, 7, 0, 0, 0, 7, 6, 6, 6, 6, 6, 6, 6, 6, 6, 6, 6, 6, 6, 6, 6, 7, 6, 6, 6, 6, 6, 6, 6, 6, 6, 7, 6, 6, 6, 5, 6, 6, 7, 6, 6, 7, 6, 6, 7, 6, 6, 6, 7, 6, 6, 6, 6, 7, 6, 6, 6, 7, 7, 6, 7, 7, 6, 6, 7, 6, 7, 7, 6, 6, 7, 6, 7, 6, 6, 7, 7, 6, 7, 6, 7, 7, 6, 7, 7, 6, 7, 7, 7, 7, 6, 7, 7, 7, 7, 7, 7, 7, 7, 0, 7, 7, 0, 7, 7, 6, 6, 6, 5, 5, 7, 6, 6, 6, 6, 6, 6, 7, 6, 6, 6, 6, 6, 6, 6, 6, 6, 7, 6, 6, 6, 6, 6, 7, 6, 6, 6, 6, 6, 7, 6, 6, 6, 7, 6, 7, 6, 6, 6, 7, 6, 6, 7, 6, 7, 6, 7, 6, 6, 7, 7, 7, 6, 7, 6, 7, 7, 6, 7, 7, 6, 7, 6, 7, 7, 7, 7, 7, 7, 7, 0, 7, 6, 7, 0, 0, 7, 0, 7, 7, 7, 0, 7, 7, 0, 0, 7, 6, 6, 6, 5, 5, 5, 4, 4, 4, 4, 5, 4, 4, 4, 4, 4, 4, 4, 5, 4, 4, 4, 4, 4, 4, 4, 4, 4, 4, 4, 4, 4, 4, 4, 4]
BWT          : [7, 0, 0, 0, 7, 0, 0, 0, 7, 0, 0, 0, 1, 0, 1, 0, 0, 0, 0, 0, 0, 0, 7, 0, 0, 0, 0, 0, 7, 1, 0, 0, 0, 0, 0, 0, 0, 0, 0, 0, 7, 7, 0, 0, 0, 0, 0, 0, 0, 1, 1, 0, 0, 0, 7, 0, 0, 0, 1, 1, 0, 1, 0, 0, 0, 0, 1, 0, 0, 0, 0, 0, 0, 7, 7, 7, 0, 7, 0, 0, 1, 0, 0, 0, 0, 1, 0, 0, 0, 0, 1, 0, 0, 1, 1, 1, 7, 0, 0, 0, 0, 0, 0, 7, 1, 0, 7, 1, 0, 0, 0, 1, 0, 1, 1, 0, 0, 1, 0, 7, 0, 0, 0, 0, 0, 1, 1, 1, 0, 1, 1, 1, 0, 1, 1, 1, 1, 0, 1, 0, 1, 0, 1, 0, 1, 0, 1, 1, 1, 0, 0, 0, 0, 7, 0, 7, 0, 7, 0, 0, 0, 7, 7, 1, 7, 0, 0, 7, 1, 0, 1, 7, 0, 1, 1, 0, 7, 0, 0, 1, 0, 0, 0, 0, 0, 0, 0, 0, 0, 0, 0, 1, 0, 0, 0, 0, 0, 0, 0, 0, 1, 0, 0, 1, 1, 0, 1, 0, 1, 1, 1, 1, 1, 1, 0, 1, 0, 1, 1, 1, 1, 1, 0, 0, 0, 1, 0, 1, 0, 1, 0, 0, 0, 1, 1, 0, 0, 0, 0, 1, 1, 1, 1, 1, 1, 0, 0, 0, 0, 0, 7, 7, 7, 0, 7, 0, 0, 0, 7, 7, 7, 0, 7, 7, 0, 0, 0, 0, 0, 7, 7, 7, 0, 7, 7, 7, 7, 0, 0, 0, 7, 7, 0, 0, 0, 1, 7, 7, 0, 0, 7, 0, 0, 7, 7, 7, 7, 0, 7, 7, 7, 0, 0, 7, 0, 1, 0, 1, 0, 7, 0, 0, 0, 0, 0, 0, 1, 0, 2, 0, 2, 0, 0, 0, 0, 1, 0, 0, 1, 0, 0, 0, 0, 1, 1, 0, 0, 1, 1, 0, 1, 1, 2, 2, 1, 1, 1, 0, 0, 0, 0, 0, 1, 0, 0, 1, 0, 0, 1, 0, 0, 0, 0, 1, 0, 0, 0, 0, 0, 1, 0, 0, 1, 0, 1, 1, 1, 0, 0, 1, 0, 0, 1, 1, 0, 0, 1, 0, 2, 0, 0, 0, 0, 1, 0, 1, 0, 1, 1, 7, 0, 0, 1, 0, 0, 0, 1, 1, 2, 1, 1, 0, 1, 0, 0, 2, 1, 1, 0, 2, 2, 2, 1, 1, 1, 2, 2, 1, 1, 2, 2, 1, 1, 2, 1, 0, 1, 2, 1, 1, 2, 1, 2, 2, 1, 2, 2, 1, 2, 2, 2, 2, 2, 2, 2, 1, 2, 2, 2, 2, 2, 2, 2, 2, 2, 2, 2, 2, 2, 2, 2, 2, 0, 2, 0, 2, 2, 1, 2, 1, 2, 1, 1, 2, 1, 1, 1, 1, 1, 1, 1, 2, 1, 1, 1, 1, 1, 1, 1, 1, 1, 1, 1, 1, 1, 2, 2, 1, 2, 2, 2, 1, 2, 2, 2, 1, 2, 2, 2, 2, 2, 2, 2, 2, 2, 3, 2, 2, 1, 2, 2, 2, 2, 2, 1, 2, 2, 1, 2, 2, 2, 2, 3, 2, 2, 2, 2, 3, 1, 1, 3, 2, 2, 2, 1, 2, 1, 2, 2, 3, 2, 1, 2, 1, 2, 1, 2, 2, 2, 2, 2, 1, 2, 2, 2, 2, 2, 2, 2, 2, 2, 2, 2, 2, 2, 2, 3, 2, 2, 2, 2, 3, 3, 2, 2, 2, 2, 2, 1, 3, 3, 2, 2, 2, 2, 2, 3, 3, 2, 2, 2, 3, 2, 3, 3, 3, 3, 2, 1, 3, 2, 3, 2, 3, 2, 2, 3, 3, 2, 3, 3, 3, 3, 2, 2, 3, 3, 2, 3, 3, 3, 3, 3, 2, 3, 3, 2, 2, 3, 3, 3, 3, 2, 2, 2, 3, 2, 2, 3, 3, 2, 2, 3, 2, 3, 2, 2, 3, 2, 2, 2, 3, 3, 3, 1, 3, 3, 3, 3, 2, 3, 3, 2, 3, 3, 3, 2, 3, 3, 3, 3, 3, 2, 2, 3, 3, 3, 2, 2, 3, 3, 3, 3, 2, 3, 3, 3, 3, 3, 2, 3, 3, 3, 3, 3, 1, 3, 2, 3, 1, 2, 3, 2, 2, 1, 2, 4, 2, 2, 1, 2, 2, 2, 2, 3, 2, 2, 4, 2, 2, 3, 2, 4, 2, 2, 2, 2, 3, 2, 3, 3, 2, 3, 4, 2, 3, 2, 2, 2, 2, 2, 2, 2, 2, 3, 2, 2, 2, 2, 2, 2, 2, 2, 2, 3, 3, 3, 3, 3, 2, 3, 3, 2, 2, 2, 3, 2, 3, 3, 3, 3, 3, 2, 2, 3, 2, 3, 3, 3, 3, 4, 3, 2, 2, 4, 2, 2, 2, 2, 2, 2, 2, 2, 2, 2, 3, 3, 2, 2, 3, 3, 4, 2, 3, 2, 2, 4, 2, 2, 3, 3, 3, 2, 3, 3, 2, 2, 3, 3, 3, 3, 3, 2, 2, 4, 3, 4, 4, 4, 4, 3, 4, 3, 4, 3, 4, 3, 4, 3, 3, 3, 4, 3, 3, 4, 4, 3, 4, 4, 3, 3, 4, 4, 2, 3, 4, 3, 4, 3, 4, 3, 3, 3, 3, 4, 4, 3, 4, 4, 4, 3, 4, 4, 3, 3, 3, 4, 4, 4, 4, 4, 4, 4, 4, 4, 3, 3, 2, 4, 4, 3, 4, 3, 3, 4, 3, 3, 4, 2, 3, 3, 4, 4, 3, 3, 3, 3, 3, 1, 3, 3, 3, 3, 4, 3, 3, 4, 3, 3, 3, 4, 3, 3, 2, 3, 3, 3, 3, 4, 3, 3, 3, 3, 3, 3, 3, 3, 4, 4, 3, 3, 4, 3, 3, 4, 3, 4, 4, 3, 3, 4, 4, 4, 3, 4, 3, 3, 4, 4, 4, 4, 2, 4, 4, 3, 4, 4, 4, 4, 4, 4, 4, 4, 4, 4, 4, 4, 4, 4, 3, 1, 4, 3, 3, 4, 3, 3, 4, 4, 3, 4, 3, 3, 3, 3, 3, 3, 3, 3, 3, 3, 3, 3, 3, 3, 3, 4, 3, 3, 3, 4, 3, 3, 3, 3, 3, 3, 3, 4, 3, 3, 3, 3, 3, 3, 3, 3, 4, 3, 3, 3, 3, 3, 3, 3, 3, 3, 4, 3, 3, 3, 4, 3, 3, 3, 4, 4, 4, 4, 4, 4, 4, 4, 4, 4, 4, 4, 4, 4, 4, 4, 3, 4, 3, 4, 4, 4, 4, 4, 4, 4, 3, 3, 3, 3, 4, 3, 3, 4, 4, 3, 4, 4, 4, 4, 4, 3, 3, 4, 4, 4, 4, 3, 4, 4, 4, 4, 4, 4, 4, 4, 4, 4, 4, 4, 4, 5, 4, 4, 5, 3, 3, 4, 4, 4, 4, 4, 3, 4, 4, 3, 4, 4, 4, 4, 3, 4, 4, 4, 5, 4, 3, 4, 4, 4, 4, 4, 4, 4, 3, 4, 3, 3, 4, 4, 4, 4, 4, 4, 4, 3, 4, 3, 3, 4, 4, 4, 4, 3, 3, 4, 3, 4, 4, 4, 5, 5, 4, 4, 4, 4, 4, 4, 4, 4, 4, 4, 3, 4, 4, 4, 4, 4, 5, 4, 4, 4, 5, 5, 4, 4, 4, 5, 5, 5, 5, 5, 3, 5, 4, 4, 5, 5, 5, 5, 5, 4, 4, 4, 4, 4, 5, 5, 4, 4, 4, 5, 5, 5, 5, 3, 5, 4, 5, 5, 5, 4, 4, 5, 5, 5, 4, 5, 4, 4, 5, 4, 4, 5, 5, 4, 3, 4, 5, 4, 4, 4, 4, 4, 4, 4, 4, 4, 5, 4, 4, 5, 4, 5, 5, 4, 4, 4, 4, 4, 4, 5, 4, 4, 4, 4, 4, 4, 4, 5, 4, 4, 5, 4, 4, 5, 4, 5, 5, 5, 5, 5, 4, 4, 6, 4, 4, 5, 4, 4, 4, 4, 5, 4, 4, 4, 4, 4, 4, 4, 4, 4, 4, 5, 4, 4, 4, 4, 4, 4, 4, 4, 4, 4, 4, 4, 4, 4, 4, 5, 5, 4, 4, 4, 4, 4, 4, 4, 4, 5, 4, 4, 4, 5, 5, 5, 6, 4, 5, 5, 5, 6, 6, 6, 4, 5, 5, 5, 5, 5, 5, 6, 6, 5, 6, 5, 4, 5, 6, 5, 6, 6, 6, 6, 5, 3, 5, 6, 6, 5, 6, 6, 5, 5, 5, 5, 6, 5, 6, 5, 6, 6, 3, 6, 6, 5, 6, 6, 6, 6, 6, 6, 3, 6, 4, 6, 5, 5, 5, 6, 5, 5, 6, 5, 5, 5, 6, 6, 6, 6, 6, 6, 6, 7, 6, 6, 6, 6, 6, 5, 6, 6, 6, 6, 6, 6, 6, 6, 6, 6, 7, 6, 6, 6, 5, 5, 5, 5, 6, 6, 5, 6, 6, 6, 6, 6, 6, 6, 6, 6, 6, 6, 6, 6, 7, 6, 6, 7, 5, 6, 6, 6, 6, 6, 7, 6, 5, 6, 6, 6, 6, 7, 5, 6, 6, 5, 6, 5, 5, 5, 5, 6, 5, 6, 6, 6, 6, 6, 6, 6, 6, 6, 6, 6, 7, 7, 6, 6, 5, 6, 6, 6, 6, 6, 6, 6, 6, 6, 6, 6, 6, 6, 6, 6, 6, 6, 6, 6, 6, 6, 6, 6, 6, 6, 6, 6, 6, 6, 6, 6, 6, 6, 7, 6, 6, 6, 6, 6, 6, 6, 6, 6, 6, 6, 6, 5, 7, 6, 6, 6, 7, 6, 6, 6, 5, 6, 7, 6, 5, 7, 6, 6, 6, 6, 5, 6, 6, 7, 6, 6, 6, 6, 6, 6, 6, 6, 6, 6, 6, 6, 7, 7, 6, 6, 7, 6, 6, 6, 7, 6, 6, 6, 6, 6, 6, 6, 6, 6, 7, 7, 6, 6, 6, 6, 6, 7, 6, 6, 6, 6, 6, 6, 6, 6, 6, 6, 7, 6, 6, 6, 6, 6, 6, 6, 6, 6, 6, 6, 6, 6, 7, 6, 6, 6, 6, 7, 7, 6, 7, 6, 7, 7, 6, 6, 6, 6, 6, 6, 6, 6, 6, 6, 5, 6, 7, 6, 6, 6, 6, 7, 5, 6, 7, 6, 7, 6, 7, 7, 6, 7, 7, 7, 6, 7, 7, 6, 7, 7, 7, 6, 7, 7, 7, 5, 7, 6, 7, 6, 7, 6, 6, 6, 6, 6, 6, 6, 6, 6, 6, 6, 7, 6, 6, 6, 6, 6, 6, 7, 7, 6, 6, 7, 7, 7, 7, 6, 6, 6, 6, 7, 6, 7, 6, 6, 7, 6, 7, 7, 7, 6, 7, 7, 6, 7, 7, 7, 7, 7, 7, 6, 6, 7, 7, 6, 7, 7, 7, 7, 6, 7, 7, 6, 7, 7, 7, 7, 7, 7, 7, 0, 6, 0, 7, 7, 0, 0, 0, 0, 0, 0, 6, 0, 0, 7, 0, 0, 0, 0, 0, 0, 6, 7, 6, 0, 0, 0, 0, 0, 0, 7, 0, 7, 0, 7, 0, 0, 7, 0, 7, 0, 6, 6, 7, 7, 7, 0, 7, 0, 6, 7, 7, 0, 7, 0, 0, 0, 0, 0, 7, 0, 6, 6, 7, 6, 0, 6, 6, 6, 6, 5, 6, 6, 6, 6, 6, 6, 6, 6, 6, 6, 6, 6, 6, 6, 6, 6, 6, 7, 6, 7, 6, 6, 6, 7, 6, 7, 0, 0, 0, 0, 0, 6, 7, 6, 6, 6, 7, 6, 6, 0, 6, 7, 6, 6, 7, 7, 7, 7, 7, 6, 7, 7, 6, 6, 7, 6, 6, 6, 5, 7, 6, 7, 6, 7, 0, 6, 7, 7, 7, 6, 0, 0, 0, 7, 0, 0, 7, 7, 7, 7, 0, 7, 7, 0, 7, 0, 6, 6, 6, 6, 7, 7, 6, 6, 7, 6, 6, 6, 6, 6, 7, 6, 6, 6, 6, 7, 7, 7, 7, 7, 7, 7, 7, 0, 7, 7, 7, 0, 6, 6, 6, 7, 6, 7, 7, 7, 7, 7, 7, 7, 6, 6, 7, 0, 0, 7, 7, 7, 7, 6, 7, 7, 7, 7, 6, 7, 7, 7, 6, 6, 7, 7, 7, 7, 6]  (index=1067)
Round-trip   : lossless

MTFT         : 
Iteraciones usadas: 1
Entropía de salida: 1.4126 bits/símbolo
Round-trip   : lossless

[Compresores] (entrada: cadena post-MTFT, 2010 símbolos)
Algoritmo       Tamaño (bytes)  Tasa de compresión  
-------------- -------------- ------------------
Huffman         393             0.1955               lossless  
ZIP             600             0.2985               lossless  
Aritmético      356             0.1771               lossless  
PPM             1420            0.7065               lossless  
=======================================================
VCC - 2814 símbolos

-------------------------------------------------------
--- VCC ---
Longitud     : 2814
Original     : [1, 0, 0, 0, 0, 0, 0, 0, 0, 0, 0, 0, 0, 0, 0, 0, 0, 0, 1, 2, 0, 0, 0, 0, 0, 0, 0, 1, 2, 0, 0, 0, 0, 1, 2, 1, 2, 0, 1, 0, 0, 0, 0, 0, 1, 0, 0, 0, 2, 1, 2, 1, 0, 2, 0, 1, 0, 2, 1, 0, 2, 1, 0, 0, 2, 0, 1, 2, 1, 0, 2, 0, 1, 0, 2, 0, 1, 0, 2, 0, 1, 0, 2, 0, 1, 2, 0, 1, 2, 1, 2, 0, 1, 2, 1, 2, 0, 1, 2, 0, 1, 2, 0, 1, 0, 2, 0, 0, 1, 2, 0, 1, 2, 0, 1, 2, 0, 0, 1, 2, 0, 0, 0, 1, 2, 0, 1, 2, 0, 0, 0, 1, 2, 0, 0, 0, 0, 0, 1, 2, 0, 0, 0, 0, 0, 1, 2, 0, 0, 0, 0, 0, 0, 0, 0, 0, 1, 2, 0, 0, 0, 0, 0, 0, 1, 2, 2, 1, 2, 1, 0, 0, 0, 0, 1, 0, 2, 1, 0, 2, 1, 2, 1, 0, 2, 1, 2, 1, 2, 1, 2, 0, 1, 0, 2, 1, 2, 1, 2, 0, 1, 2, 0, 1, 0, 2, 1, 2, 0, 1, 2, 1, 2, 0, 0, 1, 0, 2, 0, 1, 2, 0, 1, 2, 1, 2, 0, 0, 1, 2, 0, 1, 2, 0, 0, 1, 2, 1, 2, 0, 1, 2, 0, 0, 1, 2, 1, 2, 0, 1, 2, 1, 2, 0, 0, 0, 1, 2, 0, 0, 0, 0, 1, 2, 0, 0, 0, 1, 2, 0, 0, 1, 2, 0, 0, 1, 2, 0, 0, 2, 1, 0, 0, 0, 1, 2, 0, 0, 0, 0, 0, 0, 0, 0, 0, 1, 2, 0, 0, 0, 0, 0, 0, 0, 0, 0, 0, 0, 0, 0, 0, 0, 0, 1, 0, 0, 0, 0, 2, 1, 2, 1, 0, 2, 1, 0, 2, 1, 2, 1, 2, 1, 2, 1, 2, 1, 0, 2, 1, 2, 1, 2, 1, 2, 1, 2, 1, 2, 1, 2, 0, 1, 0, 2, 1, 2, 0, 1, 0, 2, 0, 0, 1, 0, 2, 1, 2, 0, 0, 1, 2, 1, 2, 1, 2, 1, 2, 0, 1, 2, 0, 0, 1, 0, 2, 0, 0, 1, 2, 1, 2, 0, 1, 2, 0, 1, 0, 2, 0, 1, 2, 0, 0, 1, 2, 0, 1, 2, 1, 2, 0, 1, 2, 0, 1, 2, 0, 1, 2, 1, 2, 0, 1, 2, 0, 0, 1, 2, 0, 0, 1, 2, 0, 1, 2, 0, 0, 1, 2, 0, 1, 2, 0, 0, 0, 0, 0, 0, 1, 2, 0, 0, 0, 0, 0, 0, 1, 2, 0, 0, 0, 0, 0, 0, 0, 0, 0, 2, 2, 1, 0, 0, 0, 0, 2, 1, 0, 2, 1, 0, 0, 0, 0, 1, 2, 0, 0, 1, 2, 1, 2, 1, 0, 2, 1, 2, 1, 0, 0, 0, 0, 0, 0, 0, 1, 2, 0, 1, 2, 0, 0, 1, 0, 0, 2, 0, 1, 0, 0, 0, 1, 2, 1, 2, 0, 0, 0, 0, 0, 0, 0, 0, 0, 0, 1, 2, 0, 0, 0, 2, 0, 0, 1, 2, 0, 0, 0, 0, 0, 0, 0, 0, 0, 0, 2, 1, 0, 0, 0, 0, 2, 1, 0, 0, 0, 2, 1, 0, 2, 1, 2, 1, 0, 0, 2, 1, 0, 0, 0, 0, 0, 0, 0, 0, 1, 0, 2, 0, 1, 2, 1, 2, 0, 1, 2, 0, 1, 2, 0, 0, 0, 1, 2, 0, 0, 0, 0, 0, 0, 0, 0, 1, 2, 0, 0, 0, 0, 0, 0, 1, 2, 0, 0, 0, 0, 0, 0, 0, 0, 2, 1, 0, 0, 0, 0, 0, 0, 0, 2, 1, 0, 0, 0, 0, 2, 1, 0, 0, 0, 0, 2, 1, 0, 0, 0, 1, 2, 1, 0, 0, 0, 1, 0, 0, 2, 1, 0, 2, 1, 0, 2, 1, 0, 2, 1, 2, 1, 0, 2, 1, 2, 1, 2, 1, 0, 2, 1, 2, 1, 2, 0, 1, 2, 1, 2, 1, 2, 0, 1, 0, 2, 0, 1, 2, 0, 1, 2, 1, 2, 0, 1, 2, 0, 1, 2, 0, 1, 2, 0, 1, 2, 0, 0, 1, 2, 0, 0, 1, 2, 0, 0, 0, 1, 2, 0, 0, 0, 1, 2, 0, 0, 1, 2, 0, 0, 0, 0, 0, 0, 0, 2, 0, 1, 0, 0, 0, 0, 1, 0, 2, 0, 1, 2, 0, 1, 2, 0, 1, 2, 0, 1, 2, 0, 1, 2, 1, 2, 0, 0, 1, 2, 1, 2, 0, 0, 0, 0, 0, 1, 2, 0, 1, 2, 0, 0, 1, 2, 0, 0, 0, 0, 0, 0, 0, 0, 2, 1, 2, 0, 0, 0, 0, 0, 0, 0, 0, 0, 0, 0, 0, 1, 2, 0, 0, 1, 0, 2, 0, 1, 0, 0, 0, 0, 0, 0, 0, 0, 0, 0, 0, 1, 2, 1, 2, 0, 0, 0, 1, 0, 2, 1, 2, 1, 2, 1, 0, 0, 0, 1, 2, 0, 1, 2, 0, 0, 0, 1, 0, 0, 0, 2, 1, 2, 1, 2, 0, 2, 0, 0, 1, 2, 1, 2, 0, 0, 1, 2, 0, 0, 1, 2, 1, 2, 0, 1, 2, 0, 1, 2, 0, 1, 2, 1, 2, 0, 0, 0, 1, 2, 0, 1, 0, 2, 0, 0, 1, 2, 1, 2, 0, 1, 2, 0, 0, 1, 2, 1, 2, 1, 2, 0, 0, 0, 1, 2, 0, 0, 1, 2, 0, 1, 2, 0, 0, 1, 2, 0, 0, 1, 2, 1, 2, 0, 0, 1, 2, 0, 0, 0, 0, 0, 1, 2, 1, 2, 0, 0, 0, 1, 2, 0, 0, 0, 0, 1, 2, 0, 0, 1, 2, 0, 0, 2, 1, 0, 0, 0, 0, 0, 0, 0, 0, 0, 0, 0, 0, 0, 2, 0, 0, 1, 0, 0, 0, 1, 0, 2, 2, 1, 0, 0, 0, 0, 2, 1, 0, 2, 1, 0, 0, 2, 1, 0, 0, 2, 1, 0, 2, 1, 0, 2, 1, 2, 1, 0, 2, 0, 1, 2, 1, 0, 0, 2, 0, 1, 2, 1, 0, 2, 1, 2, 1, 2, 0, 1, 0, 2, 1, 2, 0, 1, 0, 2, 0, 1, 2, 1, 2, 1, 2, 0, 1, 2, 1, 2, 0, 1, 2, 2, 0, 1, 0, 0, 0, 1, 0, 0, 2, 0, 0, 1, 0, 0, 0, 0, 1, 0, 2, 1, 0, 2, 1, 2, 1, 2, 1, 2, 1, 0, 2, 0, 1, 2, 1, 2, 0, 1, 0, 2, 0, 1, 0, 2, 0, 1, 2, 1, 2, 0, 1, 2, 0, 1, 0, 2, 0, 1, 2, 0, 1, 2, 0, 1, 2, 1, 2, 1, 2, 0, 0, 1, 2, 1, 2, 1, 2, 0, 0, 1, 2, 0, 1, 2, 0, 1, 2, 0, 1, 2, 0, 0, 0, 0, 1, 2, 0, 0, 1, 2, 0, 0, 0, 0, 1, 2, 0, 0, 0, 0, 1, 2, 2, 1, 0, 0, 0, 1, 2, 0, 0, 0, 0, 0, 0, 0, 0, 0, 0, 0, 2, 1, 0, 0, 0, 0, 0, 0, 2, 1, 0, 0, 0, 0, 0, 0, 2, 1, 0, 2, 1, 0, 0, 0, 0, 2, 1, 0, 2, 1, 0, 0, 0, 2, 1, 0, 0, 2, 1, 0, 2, 1, 2, 1, 2, 0, 1, 0, 2, 1, 2, 0, 1, 2, 1, 0, 0, 0, 1, 2, 1, 0, 2, 1, 2, 1, 2, 1, 2, 0, 1, 2, 0, 1, 2, 0, 0, 1, 2, 0, 0, 1, 2, 0, 0, 0, 0, 0, 0, 0, 1, 2, 0, 0, 0, 0, 0, 0, 0, 0, 0, 0, 0, 0, 0, 0, 0, 0, 2, 1, 0, 0, 0, 2, 1, 0, 0, 0, 0, 0, 2, 1, 0, 2, 1, 0, 0, 0, 0, 2, 1, 0, 0, 2, 1, 0, 2, 1, 0, 0, 2, 1, 0, 2, 0, 1, 0, 0, 2, 1, 0, 2, 1, 0, 2, 1, 0, 2, 0, 1, 0, 2, 1, 2, 0, 1, 0, 0, 0, 2, 1, 0, 2, 1, 0, 2, 1, 0, 2, 1, 0, 0, 0, 1, 0, 0, 0, 0, 0, 0, 0, 0, 0, 1, 2, 0, 0, 0, 0, 1, 2, 0, 1, 2, 0, 0, 1, 2, 0, 0, 1, 2, 1, 2, 0, 0, 0, 0, 0, 1, 2, 0, 1, 2, 0, 1, 2, 1, 2, 0, 0, 1, 2, 1, 2, 0, 0, 1, 2, 0, 0, 0, 1, 2, 1, 2, 0, 1, 2, 1, 2, 1, 2, 1, 2, 0, 1, 2, 0, 1, 2, 1, 2, 1, 2, 1, 2, 1, 2, 1, 2, 1, 2, 0, 1, 2, 1, 2, 0, 1, 2, 0, 1, 2, 1, 2, 0, 1, 2, 1, 2, 0, 1, 0, 2, 0, 1, 2, 1, 2, 0, 1, 2, 1, 2, 0, 0, 1, 0, 2, 1, 0, 2, 0, 1, 0, 2, 0, 1, 0, 2, 1, 2, 1, 0, 2, 1, 2, 1, 2, 1, 2, 1, 0, 2, 1, 2, 1, 0, 2, 1, 2, 1, 2, 1, 2, 1, 2, 1, 0, 2, 1, 2, 1, 2, 1, 2, 1, 2, 1, 0, 2, 1, 2, 1, 2, 1, 0, 2, 1, 2, 1, 0, 2, 1, 2, 1, 2, 1, 0, 2, 1, 2, 1, 0, 2, 1, 2, 1, 0, 2, 1, 0, 2, 1, 2, 1, 2, 1, 0, 2, 1, 2, 1, 2, 1, 0, 2, 1, 0, 2, 1, 0, 2, 1, 2, 1, 0, 2, 1, 0, 2, 1, 0, 2, 1, 0, 0, 2, 1, 0, 0, 2, 1, 0, 0, 2, 0, 2, 1, 0, 0, 0, 1, 2, 2, 0, 0, 0, 0, 1, 0, 0, 0, 1, 2, 0, 1, 2, 1, 0, 0, 2, 1, 0, 0, 0, 1, 2, 0, 1, 2, 0, 1, 0, 2, 1, 0, 2, 1, 0, 0, 2, 1, 2, 1, 2, 0, 0, 2, 1, 0, 0, 0, 2, 1, 0, 0, 2, 1, 0, 0, 0, 0, 2, 1, 0, 0, 0, 0, 0, 0, 0, 1, 2, 0, 0, 1, 2, 0, 1, 2, 0, 1, 2, 0, 1, 2, 0, 0, 0, 0, 1, 2, 0, 0, 1, 2, 0, 0, 0, 1, 2, 0, 0, 1, 2, 0, 0, 0, 1, 2, 0, 1, 2, 0, 0, 0, 0, 1, 2, 0, 0, 1, 2, 0, 0, 1, 2, 0, 1, 2, 0, 0, 1, 2, 0, 0, 1, 2, 0, 0, 0, 0, 1, 2, 0, 0, 1, 2, 0, 0, 1, 2, 0, 0, 1, 2, 0, 0, 1, 2, 0, 0, 1, 2, 0, 0, 0, 1, 2, 0, 1, 2, 0, 0, 0, 0, 1, 2, 0, 0, 1, 2, 0, 0, 1, 2, 0, 0, 1, 2, 0, 0, 0, 1, 2, 0, 0, 0, 1, 2, 0, 0, 2, 2, 1, 2, 1, 2, 1, 0, 2, 1, 2, 1, 0, 2, 1, 2, 1, 0, 2, 1, 0, 2, 0, 1, 0, 2, 1, 0, 2, 1, 0, 2, 1, 0, 2, 1, 0, 2, 1, 0, 2, 1, 0, 2, 1, 0, 2, 1, 0, 2, 1, 0, 2, 1, 0, 2, 1, 0, 0, 0, 2, 1, 0, 2, 1, 0, 0, 0, 2, 1, 0, 0, 2, 1, 0, 0, 0, 0, 2, 1, 0, 0, 2, 1, 0, 0, 0, 0, 0, 2, 1, 0, 0, 0, 2, 1, 0, 0, 0, 2, 1, 0, 0, 0, 0, 2, 1, 0, 0, 0, 0, 0, 0, 0, 0, 0, 1, 2, 1, 0, 2, 1, 2, 1, 0, 0, 0, 0, 0, 0, 0, 0, 0, 0, 0, 0, 0, 0, 1, 2, 0, 0, 0, 1, 2, 0, 1, 2, 0, 1, 2, 0, 0, 1, 2, 1, 2, 0, 1, 2, 0, 1, 2, 0, 1, 2, 0, 1, 2, 0, 1, 0, 2, 0, 1, 2, 1, 2, 1, 2, 0, 1, 0, 2, 1, 2, 1, 2, 1, 2, 1, 2, 1, 0, 2, 0, 1, 0, 2, 1, 2, 1, 2, 1, 0, 2, 0, 1, 0, 0, 0, 2, 0, 1, 0, 0, 0, 2, 0, 1, 0, 0, 0, 2, 1, 0, 0, 0, 0, 2, 1, 0, 0, 0, 0, 2, 1, 0, 0, 0, 0, 2, 1, 2, 2, 1, 2, 0, 0, 0, 2, 1, 0, 0, 0, 0, 0, 0, 0, 0, 0, 0, 0, 0, 1, 2, 0, 1, 2, 0, 0, 1, 2, 0, 1, 2, 0, 1, 2, 0, 2, 1, 0, 0, 0, 1, 0, 2, 1, 2, 0, 0, 0, 1, 0, 2, 0, 1, 2, 0, 1, 2, 1, 2, 0, 1, 2, 0, 1, 2, 1, 2, 0, 1, 2, 1, 2, 0, 1, 2, 1, 2, 1, 2, 0, 1, 2, 1, 2, 1, 2, 1, 2, 1, 2, 1, 2, 1, 2, 0, 1, 2, 1, 2, 1, 0, 2, 1, 2, 1, 0, 2, 1, 2, 1, 0, 0, 2, 1, 0, 0, 0, 2, 1, 0, 0, 0, 0, 0, 0, 0, 1, 2, 0, 1, 0, 2, 1, 0, 2, 1, 0, 0, 0, 2, 1, 0, 0, 0, 0, 0, 0, 0, 0, 0, 0, 0, 0, 0, 0, 0, 0, 0, 0, 0, 0, 0, 0, 0, 0, 0, 0, 0, 0, 0, 0, 0, 0, 0, 0, 0, 0, 0, 2, 1, 0, 0, 0, 0, 0, 0, 0, 0, 0, 0, 0, 0, 0, 0, 0, 0, 0, 0, 0, 0, 0, 0, 0, 0, 1, 2, 0, 0, 0, 0, 1, 2, 0, 0, 2, 0, 0, 0, 0, 2, 1, 2, 1, 0, 2, 1, 2, 0, 1, 2, 1, 2, 0, 1, 2, 0, 1, 2, 0, 1, 2, 1, 2, 0, 0, 1, 2, 1, 2, 0, 1, 2, 0, 1, 2, 1, 2, 0, 1, 2, 1, 2, 0, 0, 1, 2, 0, 1, 2, 0, 1, 2, 0, 1, 2, 0, 1, 2, 0, 1, 2, 0, 1, 2, 0, 0, 1, 2, 0, 1, 2, 0, 1, 2, 0, 1, 2, 0, 1, 2, 0, 0, 0, 1, 2, 0, 1, 2, 0, 0, 1, 2, 0, 0, 1, 2, 0, 1, 2, 0, 0, 0, 1, 2, 0, 0, 1, 2, 0, 0, 0, 1, 2, 0, 0, 0, 1, 2, 0, 0, 1, 2, 0, 0, 0, 0, 0, 0, 0, 0, 0, 0, 1, 2, 2, 1, 0, 0, 0, 0, 0, 0, 0, 0, 0, 0, 0, 2, 1, 0, 0, 0, 0, 0, 0, 0, 0, 0, 1, 2, 0, 1, 2, 1, 2, 0, 1, 2, 0, 0, 1, 2, 0, 1, 0, 0, 0, 2, 1, 2, 1, 0, 2, 0, 1, 0, 2, 1, 2, 1, 2, 1, 0, 2, 2, 1, 0, 0, 0, 2, 1, 0, 2, 1, 0, 2, 1, 2, 1, 0, 0, 2, 1, 0, 0, 0, 1, 2, 0, 0, 1, 2, 1, 0, 2, 1, 0, 2, 1, 0, 0, 0, 0, 1, 0, 0, 0, 1, 2, 1, 0, 2, 0, 2, 1, 2, 0, 1, 0, 2, 1, 0, 0, 0, 0, 2, 2, 1, 2, 1, 2, 1, 2, 1, 2, 1, 0, 2, 1, 2, 1, 2, 1, 2, 1, 0, 2, 0, 1, 0, 0, 2, 0, 1, 2, 1, 0, 2, 1, 0, 2, 1, 2, 1, 0, 2, 1, 2, 1, 2, 1, 2, 1, 0, 2, 1, 2, 1, 2, 1, 0, 2, 1, 2, 1, 0, 2, 1, 2, 1, 2, 1, 0, 0, 2, 0, 1, 0, 2, 1, 2, 1, 0, 2, 1, 0, 2, 1, 2, 1, 0, 2, 1, 0, 2, 1, 0, 2, 1, 2, 1, 2, 1, 0, 2, 1, 2, 1, 0, 2, 1, 2, 1, 0, 2, 1, 2, 1, 0, 2, 1, 2, 1, 0, 2, 1, 2, 1, 0, 2, 1, 2, 1, 0, 2, 1, 2, 1, 0, 2, 1, 2, 1, 0, 2, 1, 2, 1, 0, 0, 2, 1, 0, 0, 0, 2, 1, 2, 1, 2, 1, 0, 2, 1, 0, 0, 0, 0, 0, 0, 0, 0, 0, 0, 0, 2, 1, 0, 0, 0, 0, 2, 1, 0, 0, 0, 0, 0, 2, 1, 0, 0, 0, 0, 0, 0, 2, 1, 0, 0, 0, 0, 0, 2, 1, 0, 0, 0, 2, 1, 0, 0, 0, 0, 0, 0, 2, 1, 0, 0, 0, 0, 2, 1, 0, 0, 0, 2, 1, 0, 0, 0, 0, 0, 0, 2, 1, 0, 0, 0, 0, 0, 2, 1, 0, 2]
BWT          : [1, 0, 0, 0, 0, 0, 0, 0, 0, 0, 0, 0, 0, 1, 0, 0, 0, 0, 0, 0, 0, 0, 0, 0, 0, 0, 0, 1, 0, 0, 2, 0, 0, 0, 2, 0, 0, 0, 0, 0, 0, 0, 0, 1, 0, 0, 0, 0, 0, 0, 1, 0, 0, 0, 0, 0, 0, 2, 1, 0, 0, 0, 0, 0, 0, 0, 0, 0, 1, 0, 0, 1, 2, 1, 0, 0, 0, 0, 0, 2, 0, 0, 0, 2, 0, 0, 0, 0, 0, 2, 0, 0, 2, 0, 2, 0, 1, 0, 0, 0, 0, 1, 1, 0, 0, 0, 0, 0, 0, 0, 0, 0, 2, 0, 1, 0, 0, 2, 0, 0, 0, 0, 0, 0, 0, 0, 0, 0, 0, 0, 0, 0, 2, 0, 0, 0, 0, 2, 0, 0, 0, 0, 2, 0, 0, 0, 0, 0, 2, 0, 0, 0, 1, 1, 1, 0, 0, 0, 0, 0, 0, 2, 0, 0, 0, 0, 0, 1, 0, 0, 0, 0, 0, 0, 0, 0, 2, 2, 0, 2, 0, 0, 0, 0, 0, 0, 0, 0, 0, 0, 0, 0, 0, 0, 0, 0, 2, 0, 0, 0, 0, 0, 0, 1, 1, 1, 0, 0, 1, 0, 0, 1, 0, 0, 0, 1, 0, 0, 0, 2, 0, 0, 0, 0, 0, 0, 2, 0, 0, 0, 0, 0, 0, 0, 0, 0, 2, 0, 2, 0, 0, 0, 2, 0, 0, 0, 0, 0, 0, 0, 0, 1, 0, 0, 0, 0, 0, 0, 0, 1, 0, 1, 1, 1, 0, 0, 0, 0, 2, 1, 0, 1, 0, 1, 1, 0, 0, 0, 0, 0, 0, 0, 0, 0, 0, 0, 0, 0, 2, 2, 0, 0, 0, 2, 2, 2, 2, 2, 2, 0, 1, 2, 0, 0, 0, 2, 0, 0, 0, 0, 0, 0, 2, 0, 2, 0, 0, 0, 0, 0, 1, 1, 0, 0, 0, 0, 1, 0, 0, 0, 0, 1, 1, 0, 0, 1, 1, 1, 0, 0, 0, 1, 1, 1, 0, 1, 0, 0, 1, 1, 0, 1, 2, 1, 0, 1, 1, 0, 0, 0, 0, 2, 1, 1, 0, 2, 0, 0, 0, 1, 2, 1, 0, 0, 1, 1, 0, 0, 2, 0, 0, 0, 0, 0, 0, 2, 2, 2, 0, 0, 0, 0, 2, 2, 0, 2, 0, 0, 0, 2, 2, 0, 2, 0, 2, 0, 0, 2, 0, 0, 2, 0, 1, 0, 0, 2, 2, 0, 2, 2, 1, 2, 0, 0, 2, 0, 0, 1, 2, 0, 1, 0, 1, 1, 0, 1, 1, 0, 0, 0, 2, 1, 0, 0, 0, 0, 2, 0, 1, 1, 1, 0, 2, 0, 0, 0, 1, 0, 0, 0, 1, 1, 0, 0, 0, 0, 1, 1, 0, 1, 0, 0, 0, 0, 0, 0, 0, 0, 0, 0, 1, 0, 0, 0, 1, 1, 0, 1, 0, 0, 0, 0, 1, 0, 0, 1, 1, 1, 0, 1, 1, 0, 0, 1, 1, 0, 0, 0, 0, 2, 0, 2, 0, 0, 0, 0, 0, 2, 0, 2, 2, 0, 2, 0, 0, 2, 0, 0, 0, 2, 0, 0, 0, 0, 0, 2, 2, 0, 0, 0, 0, 0, 2, 2, 0, 2, 0, 0, 0, 0, 0, 2, 2, 0, 2, 0, 0, 0, 0, 0, 2, 2, 2, 0, 0, 2, 0, 0, 2, 2, 2, 0, 2, 0, 0, 0, 2, 0, 0, 2, 0, 2, 2, 0, 2, 0, 2, 2, 0, 2, 2, 0, 0, 0, 0, 2, 2, 2, 0, 2, 0, 0, 2, 2, 2, 0, 0, 2, 2, 0, 2, 0, 0, 2, 0, 0, 0, 0, 2, 0, 0, 2, 0, 0, 2, 2, 0, 2, 0, 2, 0, 2, 2, 2, 2, 2, 0, 0, 0, 2, 0, 0, 2, 0, 0, 0, 2, 2, 0, 0, 2, 2, 2, 0, 2, 2, 2, 2, 2, 2, 2, 0, 2, 2, 2, 2, 0, 0, 0, 0, 2, 1, 0, 0, 0, 1, 0, 0, 1, 1, 1, 1, 1, 0, 0, 2, 0, 0, 0, 1, 0, 0, 0, 0, 0, 0, 0, 0, 0, 0, 1, 0, 0, 0, 1, 0, 0, 0, 0, 0, 0, 0, 1, 0, 2, 1, 1, 0, 1, 0, 0, 0, 0, 0, 2, 0, 1, 1, 0, 0, 0, 1, 0, 1, 0, 1, 0, 0, 0, 0, 0, 0, 0, 1, 1, 0, 1, 0, 1, 0, 1, 0, 0, 0, 0, 0, 1, 0, 0, 0, 0, 2, 0, 2, 0, 2, 2, 0, 0, 2, 0, 0, 0, 2, 2, 2, 2, 2, 0, 2, 0, 0, 0, 2, 2, 0, 2, 2, 2, 0, 0, 2, 2, 2, 2, 2, 0, 2, 0, 2, 0, 2, 2, 0, 2, 2, 2, 2, 0, 2, 2, 2, 2, 0, 0, 0, 0, 2, 2, 2, 2, 2, 2, 2, 2, 0, 2, 2, 2, 0, 0, 0, 0, 0, 0, 0, 0, 0, 0, 0, 0, 0, 0, 0, 0, 0, 2, 0, 0, 0, 0, 0, 0, 2, 2, 2, 0, 2, 0, 0, 0, 0, 0, 2, 2, 2, 0, 0, 0, 0, 0, 2, 0, 0, 0, 0, 0, 0, 2, 0, 0, 0, 2, 2, 0, 0, 2, 0, 0, 0, 0, 0, 0, 0, 0, 0, 0, 2, 2, 2, 2, 0, 0, 0, 0, 0, 0, 0, 2, 0, 2, 2, 2, 0, 0, 2, 2, 0, 0, 0, 0, 0, 2, 2, 2, 0, 0, 0, 2, 2, 0, 2, 0, 2, 0, 0, 0, 0, 0, 2, 0, 2, 2, 2, 0, 2, 2, 0, 2, 2, 0, 0, 0, 2, 0, 0, 2, 0, 0, 2, 2, 0, 2, 0, 0, 0, 0, 2, 0, 0, 2, 2, 2, 0, 2, 2, 2, 0, 2, 2, 0, 2, 0, 0, 2, 2, 2, 2, 0, 2, 2, 0, 2, 2, 0, 2, 2, 0, 2, 2, 2, 2, 0, 2, 2, 2, 2, 2, 2, 0, 2, 0, 2, 2, 2, 2, 2, 2, 2, 2, 0, 2, 2, 2, 2, 0, 0, 2, 0, 2, 0, 0, 0, 0, 0, 2, 0, 2, 2, 2, 0, 0, 0, 2, 2, 2, 2, 2, 0, 2, 2, 2, 2, 0, 0, 0, 2, 2, 2, 2, 0, 0, 2, 2, 0, 2, 2, 0, 2, 2, 2, 2, 2, 2, 0, 2, 0, 2, 0, 0, 2, 2, 2, 2, 2, 0, 2, 2, 2, 0, 2, 0, 0, 0, 0, 0, 0, 1, 0, 1, 2, 1, 1, 1, 0, 0, 1, 0, 0, 1, 1, 1, 1, 1, 1, 1, 1, 1, 1, 0, 1, 1, 1, 1, 1, 1, 1, 1, 1, 1, 1, 0, 0, 0, 1, 1, 1, 1, 1, 1, 0, 1, 0, 0, 1, 0, 0, 1, 0, 0, 0, 0, 0, 0, 0, 0, 0, 0, 0, 0, 0, 0, 0, 0, 1, 1, 0, 0, 0, 0, 0, 0, 0, 0, 0, 0, 1, 1, 0, 1, 1, 2, 0, 0, 0, 0, 2, 1, 0, 0, 0, 0, 0, 0, 0, 1, 1, 1, 0, 0, 1, 0, 0, 0, 0, 0, 1, 1, 1, 0, 0, 0, 1, 0, 1, 1, 1, 0, 1, 0, 0, 0, 1, 1, 0, 0, 1, 1, 1, 0, 0, 1, 1, 1, 1, 1, 0, 0, 1, 1, 1, 1, 1, 1, 1, 1, 0, 0, 0, 1, 1, 1, 0, 1, 1, 1, 1, 1, 1, 1, 0, 1, 1, 1, 1, 0, 1, 1, 1, 1, 1, 2, 1, 1, 1, 1, 1, 1, 1, 1, 1, 0, 0, 1, 1, 1, 1, 1, 1, 0, 0, 1, 1, 1, 1, 1, 1, 1, 1, 1, 1, 1, 1, 1, 1, 1, 1, 1, 1, 0, 1, 1, 1, 1, 0, 1, 1, 1, 0, 1, 1, 1, 1, 1, 1, 1, 1, 1, 1, 1, 1, 1, 1, 1, 1, 1, 1, 1, 0, 0, 1, 1, 0, 0, 2, 2, 2, 2, 2, 2, 0, 2, 2, 0, 2, 2, 2, 2, 2, 2, 2, 2, 2, 2, 2, 2, 0, 2, 2, 2, 2, 2, 2, 0, 2, 0, 2, 2, 2, 2, 2, 2, 2, 2, 2, 2, 2, 2, 2, 2, 2, 0, 2, 2, 2, 0, 2, 2, 0, 2, 2, 2, 2, 2, 0, 2, 0, 2, 0, 2, 0, 0, 2, 2, 2, 2, 2, 2, 0, 2, 2, 2, 2, 2, 0, 2, 2, 0, 0, 0, 2, 0, 0, 2, 2, 0, 2, 2, 2, 2, 2, 2, 2, 2, 2, 2, 2, 2, 2, 2, 2, 0, 0, 2, 2, 2, 0, 0, 0, 0, 0, 2, 2, 2, 2, 0, 2, 0, 0, 2, 2, 2, 0, 2, 2, 0, 0, 0, 0, 0, 0, 0, 2, 2, 0, 0, 0, 0, 0, 2, 2, 2, 2, 2, 2, 2, 0, 2, 2, 2, 2, 2, 2, 2, 2, 2, 2, 0, 2, 2, 2, 2, 0, 2, 0, 2, 0, 2, 2, 2, 2, 2, 2, 2, 2, 2, 2, 2, 0, 2, 2, 2, 2, 2, 2, 2, 2, 0, 2, 2, 2, 0, 2, 0, 0, 0, 0, 0, 0, 0, 2, 2, 2, 2, 2, 2, 2, 2, 2, 2, 2, 0, 2, 2, 2, 2, 2, 2, 2, 2, 2, 2, 2, 2, 2, 2, 2, 2, 0, 2, 2, 2, 2, 0, 2, 0, 2, 0, 2, 2, 2, 2, 2, 2, 2, 0, 2, 2, 2, 2, 2, 2, 0, 2, 2, 2, 2, 0, 2, 0, 0, 2, 0, 2, 0, 0, 0, 0, 0, 0, 0, 0, 0, 0, 0, 0, 0, 0, 0, 0, 0, 2, 2, 0, 0, 0, 0, 0, 0, 0, 0, 0, 0, 0, 0, 0, 0, 2, 2, 0, 0, 2, 2, 0, 0, 0, 0, 0, 0, 0, 0, 2, 0, 2, 0, 0, 0, 0, 0, 0, 0, 2, 0, 0, 0, 2, 2, 0, 0, 0, 0, 2, 0, 0, 0, 0, 0, 0, 0, 0, 0, 2, 0, 0, 0, 0, 0, 0, 0, 0, 0, 0, 0, 0, 0, 0, 0, 2, 0, 0, 0, 0, 0, 0, 0, 0, 2, 2, 0, 0, 2, 0, 0, 0, 2, 0, 0, 2, 0, 0, 0, 2, 0, 0, 0, 2, 2, 0, 0, 0, 2, 0, 2, 2, 0, 2, 0, 0, 2, 0, 0, 2, 2, 0, 2, 2, 0, 0, 2, 2, 2, 0, 2, 2, 0, 0, 0, 0, 0, 0, 0, 0, 0, 0, 0, 2, 0, 0, 0, 0, 0, 0, 2, 0, 0, 2, 0, 0, 0, 0, 0, 2, 2, 0, 2, 2, 0, 0, 2, 0, 0, 2, 0, 0, 2, 0, 0, 0, 2, 0, 0, 0, 0, 0, 0, 0, 0, 2, 0, 2, 0, 0, 0, 2, 0, 2, 2, 0, 0, 0, 0, 0, 0, 2, 2, 2, 0, 2, 0, 2, 0, 2, 0, 2, 2, 0, 2, 0, 0, 0, 2, 0, 0, 2, 0, 2, 0, 2, 0, 0, 0, 0, 0, 2, 2, 2, 0, 2, 2, 2, 0, 2, 2, 2, 0, 2, 2, 2, 0, 2, 0, 2, 0, 2, 2, 0, 2, 2, 2, 2, 0, 2, 2, 2, 2, 2, 0, 2, 2, 0, 2, 2, 2, 2, 0, 2, 2, 2, 0, 2, 2, 2, 2, 2, 2, 2, 2, 2, 2, 2, 2, 2, 2, 2, 2, 2, 2, 2, 0, 2, 2, 2, 2, 2, 2, 2, 2, 0, 2, 2, 2, 2, 2, 2, 2, 0, 0, 0, 0, 0, 0, 2, 0, 0, 0, 0, 0, 0, 0, 2, 0, 0, 0, 0, 2, 2, 0, 0, 2, 0, 2, 2, 2, 2, 2, 2, 0, 0, 0, 0, 0, 0, 2, 0, 2, 0, 0, 0, 0, 0, 0, 0, 0, 0, 2, 0, 0, 0, 0, 0, 2, 0, 2, 2, 2, 0, 0, 2, 0, 2, 2, 2, 2, 2, 2, 2, 2, 2, 0, 0, 2, 2, 2, 2, 2, 2, 2, 2, 2, 2, 2, 2, 2, 2, 0, 0, 0, 0, 2, 2, 0, 2, 2, 2, 2, 0, 2, 0, 2, 2, 2, 2, 2, 2, 2, 2, 2, 2, 0, 0, 2, 2, 2, 2, 2, 2, 2, 2, 2, 2, 2, 2, 2, 0, 0, 0, 0, 0, 0, 2, 0, 1, 1, 1, 1, 1, 1, 1, 1, 1, 1, 1, 1, 1, 1, 1, 1, 1, 1, 1, 1, 1, 1, 1, 1, 1, 2, 1, 1, 1, 1, 1, 1, 1, 1, 1, 1, 1, 1, 0, 1, 1, 1, 1, 1, 1, 1, 1, 1, 1, 1, 1, 1, 1, 1, 1, 1, 1, 1, 1, 1, 1, 1, 1, 1, 1, 0, 0, 1, 1, 1, 1, 1, 0, 1, 0, 1, 1, 1, 1, 1, 1, 1, 1, 1, 1, 1, 1, 1, 1, 1, 1, 1, 1, 1, 1, 1, 1, 1, 1, 1, 1, 1, 1, 1, 1, 1, 1, 1, 1, 1, 1, 1, 1, 1, 0, 1, 1, 1, 1, 1, 1, 1, 1, 1, 1, 1, 0, 1, 0, 0, 1, 1, 1, 1, 1, 1, 1, 1, 1, 1, 1, 1, 1, 0, 1, 0, 2, 0, 0, 0, 0, 1, 1, 0, 0, 1, 1, 1, 0, 0, 1, 0, 1, 1, 1, 0, 0, 1, 1, 1, 1, 1, 0, 1, 0, 0, 1, 1, 1, 1, 0, 0, 1, 0, 0, 1, 1, 1, 1, 1, 1, 1, 1, 1, 1, 1, 1, 1, 1, 1, 1, 1, 1, 1, 1, 1, 1, 1, 1, 1, 1, 0, 1, 1, 1, 1, 1, 1, 1, 1, 1, 1, 1, 1, 1, 1, 1, 1, 1, 1, 1, 1, 1, 1, 1, 1, 1, 1, 1, 1, 1, 1, 1, 1, 1, 0, 1, 1, 1, 1, 1, 0, 1, 1, 0, 1, 1, 1, 1, 0, 0, 1, 1, 0, 1, 1, 1, 1, 1, 0, 1, 0, 0, 0, 1, 1, 1, 1, 1, 1, 1, 1, 1, 0, 1, 1, 1, 0, 0, 1, 1, 1, 1, 1, 1, 0, 1, 1, 1, 1, 1, 1, 1, 1, 1, 0, 0, 1, 1, 1, 1, 1, 1, 1, 0, 0, 0, 0, 0, 1, 0, 0, 2, 0, 0, 0, 0, 0, 0, 1, 0, 0, 0, 0, 0, 0, 0, 0, 0, 0, 0, 0, 1, 0, 0, 0, 0, 0, 0, 0, 0, 0, 0, 0, 0, 2, 0, 2, 0, 0, 0, 1, 0, 2, 0, 0, 1, 0, 0, 1, 0, 0, 0, 0, 0, 0, 0, 0, 0, 0, 0, 0, 2, 0, 0, 1, 0, 1, 0, 1, 0, 0, 0, 1, 1, 1, 1, 0, 0, 0, 0, 0, 0, 0, 0, 1, 1, 0, 1, 0, 1, 0, 0, 1, 1, 1, 1, 1, 0, 1, 0, 0, 0, 0, 0, 0, 0, 0, 0, 0, 0, 0, 0, 0, 1, 0, 1, 0, 0, 0, 0, 0, 0, 1, 0, 0, 0, 0, 0, 0, 0, 1, 0, 1, 0, 0, 0, 1, 0, 1, 0, 1, 1, 1, 1, 1, 0, 0, 1, 1, 0, 1, 0, 0, 1, 1, 1, 1, 1, 1, 1, 1, 1, 1, 1, 1, 1, 1, 0, 0, 0, 1, 1, 0, 1, 1, 1, 1, 0, 1, 1, 1, 0, 1, 1, 1, 0, 1, 1, 1, 1, 0, 1, 1, 0, 1, 1, 1, 0, 1, 1, 1, 1, 1, 2, 1, 1, 1, 1, 1, 1, 1, 1, 1, 1, 1, 1, 0, 1, 1, 0, 0, 1, 1, 1, 0, 0, 1, 1, 1, 1, 1, 1, 1, 1, 1, 1, 1, 1, 1, 1, 1, 1, 1, 1, 1, 1, 1, 1, 1, 1, 1, 0, 1, 0, 1, 1, 1, 1, 0, 1, 1, 1, 1, 1, 1, 1, 1, 1, 1, 0, 0, 2, 1, 1, 0, 0, 0, 0, 1, 1, 0, 1, 0, 0, 1, 1, 0, 0, 1, 0, 0, 0, 0, 0, 1, 0, 0, 0, 0, 1, 0, 1, 1, 0, 0, 0, 0, 0, 0, 1, 1, 1, 1, 1, 0, 1, 0, 1, 1, 0, 0, 1, 0, 0, 1, 0, 1, 1, 1, 1, 1, 0, 1, 1, 0, 0, 1, 1, 1, 0, 1, 1, 1, 1, 1, 0, 1, 0, 0, 0, 0, 1, 1, 1, 0, 0, 2, 0, 0, 0, 0, 1, 0, 0, 1, 1, 1, 1, 1, 0, 1, 0, 1, 0, 1, 1, 1, 0, 1, 0, 0, 0, 1, 1, 1, 1, 1, 1, 1, 0, 0, 2, 0, 0, 1, 1, 1, 0, 1, 1, 0, 1, 1, 1, 0, 0, 1, 0, 1, 1, 0, 0]  (index=1346)
Round-trip   : lossless

MTFT         : 
Iteraciones usadas: 1
Entropía de salida: 1.1036 bits/símbolo
Round-trip   : lossless

[Compresores] (entrada: cadena post-MTFT, 2814 símbolos)
Algoritmo       Tamaño (bytes)  Tasa de compresión  
-------------- -------------- ------------------
Huffman         479             0.1702               lossless  
ZIP             670             0.2381               lossless  
Aritmético      389             0.1382               lossless  
PPM             1171            0.4161               lossless  
=======================================================
3OT - 2814 símbolos

-------------------------------------------------------
--- 3OT ---
Longitud     : 2814
Original     : [0, 0, 0, 0, 0, 0, 0, 0, 0, 0, 0, 0, 0, 0, 0, 0, 0, 2, 1, 0, 0, 0, 0, 0, 0, 0, 1, 1, 0, 0, 0, 0, 1, 1, 1, 1, 0, 1, 0, 0, 0, 0, 0, 2, 0, 0, 0, 1, 1, 1, 1, 0, 1, 0, 1, 0, 1, 1, 0, 1, 1, 0, 0, 1, 0, 1, 1, 1, 0, 1, 0, 1, 0, 1, 0, 1, 0, 1, 0, 1, 0, 1, 0, 1, 1, 0, 1, 1, 1, 1, 0, 1, 1, 1, 1, 0, 1, 1, 0, 1, 1, 0, 1, 0, 1, 0, 0, 1, 1, 0, 1, 1, 0, 1, 1, 0, 0, 1, 1, 0, 0, 0, 1, 1, 0, 1, 1, 0, 0, 0, 1, 1, 0, 0, 0, 0, 0, 1, 1, 0, 0, 0, 0, 0, 1, 1, 0, 0, 0, 0, 0, 0, 0, 0, 0, 1, 1, 0, 0, 0, 0, 0, 0, 1, 1, 2, 1, 1, 1, 0, 0, 0, 0, 2, 0, 1, 1, 0, 1, 1, 1, 1, 0, 1, 1, 1, 1, 1, 1, 1, 0, 1, 0, 1, 1, 1, 1, 1, 0, 1, 1, 0, 1, 0, 1, 1, 1, 0, 1, 1, 1, 1, 0, 0, 1, 0, 1, 0, 1, 1, 0, 1, 1, 1, 1, 0, 0, 1, 1, 0, 1, 1, 0, 0, 1, 1, 1, 1, 0, 1, 1, 0, 0, 1, 1, 1, 1, 0, 1, 1, 1, 1, 0, 0, 0, 1, 1, 0, 0, 0, 0, 1, 1, 0, 0, 0, 1, 1, 0, 0, 1, 1, 0, 0, 1, 1, 0, 0, 2, 1, 0, 0, 0, 2, 1, 0, 0, 0, 0, 0, 0, 0, 0, 0, 1, 1, 0, 0, 0, 0, 0, 0, 0, 0, 0, 0, 0, 0, 0, 0, 0, 0, 1, 0, 0, 0, 0, 1, 1, 1, 1, 0, 1, 1, 0, 1, 1, 1, 1, 1, 1, 1, 1, 1, 1, 0, 1, 1, 1, 1, 1, 1, 1, 1, 1, 1, 1, 1, 1, 0, 1, 0, 1, 1, 1, 0, 1, 0, 1, 0, 0, 1, 0, 1, 1, 1, 0, 0, 1, 1, 1, 1, 1, 1, 1, 1, 0, 1, 1, 0, 0, 1, 0, 1, 0, 0, 1, 1, 1, 1, 0, 1, 1, 0, 1, 0, 1, 0, 1, 1, 0, 0, 1, 1, 0, 1, 1, 1, 1, 0, 1, 1, 0, 1, 1, 0, 1, 1, 1, 1, 0, 1, 1, 0, 0, 1, 1, 0, 0, 1, 1, 0, 1, 1, 0, 0, 1, 1, 0, 1, 1, 0, 0, 0, 0, 0, 0, 1, 1, 0, 0, 0, 0, 0, 0, 1, 1, 0, 0, 0, 0, 0, 0, 0, 0, 0, 2, 2, 1, 0, 0, 0, 0, 1, 1, 0, 1, 1, 0, 0, 0, 0, 2, 1, 0, 0, 1, 1, 1, 1, 1, 0, 1, 1, 1, 1, 0, 0, 0, 0, 0, 0, 0, 2, 1, 0, 1, 1, 0, 0, 1, 0, 0, 1, 0, 1, 0, 0, 0, 2, 1, 1, 1, 0, 0, 0, 0, 0, 0, 0, 0, 0, 0, 1, 1, 0, 0, 0, 2, 0, 0, 1, 1, 0, 0, 0, 0, 0, 0, 0, 0, 0, 0, 2, 1, 0, 0, 0, 0, 1, 1, 0, 0, 0, 1, 1, 0, 1, 1, 1, 1, 0, 0, 1, 1, 0, 0, 0, 0, 0, 0, 0, 0, 2, 0, 1, 0, 1, 1, 1, 1, 0, 1, 1, 0, 1, 1, 0, 0, 0, 1, 1, 0, 0, 0, 0, 0, 0, 0, 0, 1, 1, 0, 0, 0, 0, 0, 0, 1, 1, 0, 0, 0, 0, 0, 0, 0, 0, 2, 1, 0, 0, 0, 0, 0, 0, 0, 1, 1, 0, 0, 0, 0, 1, 1, 0, 0, 0, 0, 1, 1, 0, 0, 0, 2, 1, 1, 0, 0, 0, 2, 0, 0, 1, 1, 0, 1, 1, 0, 1, 1, 0, 1, 1, 1, 1, 0, 1, 1, 1, 1, 1, 1, 0, 1, 1, 1, 1, 1, 0, 1, 1, 1, 1, 1, 1, 0, 1, 0, 1, 0, 1, 1, 0, 1, 1, 1, 1, 0, 1, 1, 0, 1, 1, 0, 1, 1, 0, 1, 1, 0, 0, 1, 1, 0, 0, 1, 1, 0, 0, 0, 1, 1, 0, 0, 0, 1, 1, 0, 0, 1, 1, 0, 0, 0, 0, 0, 0, 0, 2, 0, 1, 0, 0, 0, 0, 2, 0, 1, 0, 1, 1, 0, 1, 1, 0, 1, 1, 0, 1, 1, 0, 1, 1, 1, 1, 0, 0, 1, 1, 1, 1, 0, 0, 0, 0, 0, 1, 1, 0, 1, 1, 0, 0, 1, 1, 0, 0, 0, 0, 0, 0, 0, 0, 2, 1, 1, 0, 0, 0, 0, 0, 0, 0, 0, 0, 0, 0, 0, 1, 1, 0, 0, 1, 0, 1, 0, 1, 0, 0, 0, 0, 0, 0, 0, 0, 0, 0, 0, 2, 1, 1, 1, 0, 0, 0, 1, 0, 1, 1, 1, 1, 1, 1, 0, 0, 0, 2, 1, 0, 1, 1, 0, 0, 0, 1, 0, 0, 0, 1, 1, 1, 1, 1, 0, 2, 0, 0, 1, 1, 1, 1, 0, 0, 1, 1, 0, 0, 1, 1, 1, 1, 0, 1, 1, 0, 1, 1, 0, 1, 1, 1, 1, 0, 0, 0, 1, 1, 0, 1, 0, 1, 0, 0, 1, 1, 1, 1, 0, 1, 1, 0, 0, 1, 1, 1, 1, 1, 1, 0, 0, 0, 1, 1, 0, 0, 1, 1, 0, 1, 1, 0, 0, 1, 1, 0, 0, 1, 1, 1, 1, 0, 0, 1, 1, 0, 0, 0, 0, 0, 1, 1, 1, 1, 0, 0, 0, 1, 1, 0, 0, 0, 0, 1, 1, 0, 0, 1, 1, 0, 0, 2, 1, 0, 0, 0, 0, 0, 0, 0, 0, 0, 0, 0, 0, 0, 1, 0, 0, 1, 0, 0, 0, 2, 0, 1, 2, 1, 0, 0, 0, 0, 1, 1, 0, 1, 1, 0, 0, 1, 1, 0, 0, 1, 1, 0, 1, 1, 0, 1, 1, 1, 1, 0, 1, 0, 1, 1, 1, 0, 0, 1, 0, 1, 1, 1, 0, 1, 1, 1, 1, 1, 0, 1, 0, 1, 1, 1, 0, 1, 0, 1, 0, 1, 1, 1, 1, 1, 1, 0, 1, 1, 1, 1, 0, 1, 1, 2, 0, 1, 0, 0, 0, 2, 0, 0, 1, 0, 0, 1, 0, 0, 0, 0, 2, 0, 1, 1, 0, 1, 1, 1, 1, 1, 1, 1, 1, 0, 1, 0, 1, 1, 1, 1, 0, 1, 0, 1, 0, 1, 0, 1, 0, 1, 1, 1, 1, 0, 1, 1, 0, 1, 0, 1, 0, 1, 1, 0, 1, 1, 0, 1, 1, 1, 1, 1, 1, 0, 0, 1, 1, 1, 1, 1, 1, 0, 0, 1, 1, 0, 1, 1, 0, 1, 1, 0, 1, 1, 0, 0, 0, 0, 1, 1, 0, 0, 1, 1, 0, 0, 0, 0, 1, 1, 0, 0, 0, 0, 1, 1, 2, 1, 0, 0, 0, 2, 1, 0, 0, 0, 0, 0, 0, 0, 0, 0, 0, 0, 2, 1, 0, 0, 0, 0, 0, 0, 1, 1, 0, 0, 0, 0, 0, 0, 1, 1, 0, 1, 1, 0, 0, 0, 0, 1, 1, 0, 1, 1, 0, 0, 0, 1, 1, 0, 0, 1, 1, 0, 1, 1, 1, 1, 1, 0, 1, 0, 1, 1, 1, 0, 1, 1, 1, 0, 0, 0, 2, 1, 1, 0, 1, 1, 1, 1, 1, 1, 1, 0, 1, 1, 0, 1, 1, 0, 0, 1, 1, 0, 0, 1, 1, 0, 0, 0, 0, 0, 0, 0, 1, 1, 0, 0, 0, 0, 0, 0, 0, 0, 0, 0, 0, 0, 0, 0, 0, 0, 2, 1, 0, 0, 0, 1, 1, 0, 0, 0, 0, 0, 1, 1, 0, 1, 1, 0, 0, 0, 0, 1, 1, 0, 0, 1, 1, 0, 1, 1, 0, 0, 1, 1, 0, 1, 0, 1, 0, 0, 1, 1, 0, 1, 1, 0, 1, 1, 0, 1, 0, 1, 0, 1, 1, 1, 0, 1, 0, 0, 0, 1, 1, 0, 1, 1, 0, 1, 1, 0, 1, 1, 0, 0, 0, 2, 0, 0, 0, 0, 0, 0, 0, 0, 0, 2, 1, 0, 0, 0, 0, 1, 1, 0, 1, 1, 0, 0, 1, 1, 0, 0, 1, 1, 1, 1, 0, 0, 0, 0, 0, 1, 1, 0, 1, 1, 0, 1, 1, 1, 1, 0, 0, 1, 1, 1, 1, 0, 0, 1, 1, 0, 0, 0, 1, 1, 1, 1, 0, 1, 1, 1, 1, 1, 1, 1, 1, 0, 1, 1, 0, 1, 1, 1, 1, 1, 1, 1, 1, 1, 1, 1, 1, 1, 1, 0, 1, 1, 1, 1, 0, 1, 1, 0, 1, 1, 1, 1, 0, 1, 1, 1, 1, 0, 1, 0, 1, 0, 1, 1, 1, 1, 0, 1, 1, 1, 1, 0, 0, 1, 0, 1, 1, 0, 1, 0, 1, 0, 1, 0, 1, 0, 1, 1, 1, 1, 0, 1, 1, 1, 1, 1, 1, 1, 1, 0, 1, 1, 1, 1, 0, 1, 1, 1, 1, 1, 1, 1, 1, 1, 1, 0, 1, 1, 1, 1, 1, 1, 1, 1, 1, 1, 0, 1, 1, 1, 1, 1, 1, 0, 1, 1, 1, 1, 0, 1, 1, 1, 1, 1, 1, 0, 1, 1, 1, 1, 0, 1, 1, 1, 1, 0, 1, 1, 0, 1, 1, 1, 1, 1, 1, 0, 1, 1, 1, 1, 1, 1, 0, 1, 1, 0, 1, 1, 0, 1, 1, 1, 1, 0, 1, 1, 0, 1, 1, 0, 1, 1, 0, 0, 1, 1, 0, 0, 1, 1, 0, 0, 1, 0, 2, 1, 0, 0, 0, 2, 1, 2, 0, 0, 0, 0, 1, 0, 0, 0, 2, 1, 0, 1, 1, 1, 0, 0, 1, 1, 0, 0, 0, 2, 1, 0, 1, 1, 0, 1, 0, 1, 1, 0, 1, 1, 0, 0, 1, 1, 1, 1, 1, 0, 0, 2, 1, 0, 0, 0, 1, 1, 0, 0, 1, 1, 0, 0, 0, 0, 1, 1, 0, 0, 0, 0, 0, 0, 0, 2, 1, 0, 0, 1, 1, 0, 1, 1, 0, 1, 1, 0, 1, 1, 0, 0, 0, 0, 1, 1, 0, 0, 1, 1, 0, 0, 0, 1, 1, 0, 0, 1, 1, 0, 0, 0, 1, 1, 0, 1, 1, 0, 0, 0, 0, 1, 1, 0, 0, 1, 1, 0, 0, 1, 1, 0, 1, 1, 0, 0, 1, 1, 0, 0, 1, 1, 0, 0, 0, 0, 1, 1, 0, 0, 1, 1, 0, 0, 1, 1, 0, 0, 1, 1, 0, 0, 1, 1, 0, 0, 1, 1, 0, 0, 0, 1, 1, 0, 1, 1, 0, 0, 0, 0, 1, 1, 0, 0, 1, 1, 0, 0, 1, 1, 0, 0, 1, 1, 0, 0, 0, 1, 1, 0, 0, 0, 1, 1, 0, 0, 2, 2, 1, 1, 1, 1, 1, 0, 1, 1, 1, 1, 0, 1, 1, 1, 1, 0, 1, 1, 0, 1, 0, 1, 0, 1, 1, 0, 1, 1, 0, 1, 1, 0, 1, 1, 0, 1, 1, 0, 1, 1, 0, 1, 1, 0, 1, 1, 0, 1, 1, 0, 1, 1, 0, 1, 1, 0, 0, 0, 1, 1, 0, 1, 1, 0, 0, 0, 1, 1, 0, 0, 1, 1, 0, 0, 0, 0, 1, 1, 0, 0, 1, 1, 0, 0, 0, 0, 0, 1, 1, 0, 0, 0, 1, 1, 0, 0, 0, 1, 1, 0, 0, 0, 0, 1, 1, 0, 0, 0, 0, 0, 0, 0, 0, 0, 2, 1, 1, 0, 1, 1, 1, 1, 0, 0, 0, 0, 0, 0, 0, 0, 0, 0, 0, 0, 0, 0, 2, 1, 0, 0, 0, 1, 1, 0, 1, 1, 0, 1, 1, 0, 0, 1, 1, 1, 1, 0, 1, 1, 0, 1, 1, 0, 1, 1, 0, 1, 1, 0, 1, 0, 1, 0, 1, 1, 1, 1, 1, 1, 0, 1, 0, 1, 1, 1, 1, 1, 1, 1, 1, 1, 1, 0, 1, 0, 1, 0, 1, 1, 1, 1, 1, 1, 0, 1, 0, 1, 0, 0, 0, 1, 0, 1, 0, 0, 0, 1, 0, 1, 0, 0, 0, 1, 1, 0, 0, 0, 0, 1, 1, 0, 0, 0, 0, 1, 1, 0, 0, 0, 0, 1, 1, 1, 2, 1, 1, 0, 0, 0, 2, 1, 0, 0, 0, 0, 0, 0, 0, 0, 0, 0, 0, 0, 2, 1, 0, 1, 1, 0, 0, 1, 1, 0, 1, 1, 0, 1, 1, 0, 2, 1, 0, 0, 0, 2, 0, 1, 1, 1, 0, 0, 0, 1, 0, 1, 0, 1, 1, 0, 1, 1, 1, 1, 0, 1, 1, 0, 1, 1, 1, 1, 0, 1, 1, 1, 1, 0, 1, 1, 1, 1, 1, 1, 0, 1, 1, 1, 1, 1, 1, 1, 1, 1, 1, 1, 1, 1, 1, 0, 1, 1, 1, 1, 1, 0, 1, 1, 1, 1, 0, 1, 1, 1, 1, 0, 0, 1, 1, 0, 0, 0, 1, 1, 0, 0, 0, 0, 0, 0, 0, 2, 1, 0, 1, 0, 1, 1, 0, 1, 1, 0, 0, 0, 1, 1, 0, 0, 0, 0, 0, 0, 0, 0, 0, 0, 0, 0, 0, 0, 0, 0, 0, 0, 0, 0, 0, 0, 0, 0, 0, 0, 0, 0, 0, 0, 0, 0, 0, 0, 0, 0, 0, 1, 1, 0, 0, 0, 0, 0, 0, 0, 0, 0, 0, 0, 0, 0, 0, 0, 0, 0, 0, 0, 0, 0, 0, 0, 0, 2, 1, 0, 0, 0, 0, 1, 1, 0, 0, 2, 0, 0, 0, 0, 2, 1, 1, 1, 0, 1, 1, 1, 0, 1, 1, 1, 1, 0, 1, 1, 0, 1, 1, 0, 1, 1, 1, 1, 0, 0, 1, 1, 1, 1, 0, 1, 1, 0, 1, 1, 1, 1, 0, 1, 1, 1, 1, 0, 0, 1, 1, 0, 1, 1, 0, 1, 1, 0, 1, 1, 0, 1, 1, 0, 1, 1, 0, 1, 1, 0, 0, 1, 1, 0, 1, 1, 0, 1, 1, 0, 1, 1, 0, 1, 1, 0, 0, 0, 1, 1, 0, 1, 1, 0, 0, 1, 1, 0, 0, 1, 1, 0, 1, 1, 0, 0, 0, 1, 1, 0, 0, 1, 1, 0, 0, 0, 1, 1, 0, 0, 0, 1, 1, 0, 0, 1, 1, 0, 0, 0, 0, 0, 0, 0, 0, 0, 0, 1, 1, 2, 1, 0, 0, 0, 0, 0, 0, 0, 0, 0, 0, 0, 1, 1, 0, 0, 0, 0, 0, 0, 0, 0, 0, 2, 1, 0, 1, 1, 1, 1, 0, 1, 1, 0, 0, 1, 1, 0, 1, 0, 0, 0, 1, 1, 1, 1, 0, 1, 0, 1, 0, 1, 1, 1, 1, 1, 1, 0, 1, 2, 1, 0, 0, 0, 1, 1, 0, 1, 1, 0, 1, 1, 1, 1, 0, 0, 1, 1, 0, 0, 0, 2, 1, 0, 0, 1, 1, 1, 0, 1, 1, 0, 1, 1, 0, 0, 0, 0, 2, 0, 0, 0, 2, 1, 1, 0, 1, 0, 2, 1, 1, 0, 1, 0, 1, 1, 0, 0, 0, 0, 1, 2, 1, 1, 1, 1, 1, 1, 1, 1, 1, 0, 1, 1, 1, 1, 1, 1, 1, 1, 0, 1, 0, 1, 0, 0, 1, 0, 1, 1, 1, 0, 1, 1, 0, 1, 1, 1, 1, 0, 1, 1, 1, 1, 1, 1, 1, 1, 0, 1, 1, 1, 1, 1, 1, 0, 1, 1, 1, 1, 0, 1, 1, 1, 1, 1, 1, 0, 0, 1, 0, 1, 0, 1, 1, 1, 1, 0, 1, 1, 0, 1, 1, 1, 1, 0, 1, 1, 0, 1, 1, 0, 1, 1, 1, 1, 1, 1, 0, 1, 1, 1, 1, 0, 1, 1, 1, 1, 0, 1, 1, 1, 1, 0, 1, 1, 1, 1, 0, 1, 1, 1, 1, 0, 1, 1, 1, 1, 0, 1, 1, 1, 1, 0, 1, 1, 1, 1, 0, 1, 1, 1, 1, 0, 0, 1, 1, 0, 0, 0, 1, 1, 1, 1, 1, 1, 0, 1, 1, 0, 0, 0, 0, 0, 0, 0, 0, 0, 0, 0, 1, 1, 0, 0, 0, 0, 1, 1, 0, 0, 0, 0, 0, 1, 1, 0, 0, 0, 0, 0, 0, 1, 1, 0, 0, 0, 0, 0, 1, 1, 0, 0, 0, 1, 1, 0, 0, 0, 0, 0, 0, 1, 1, 0, 0, 0, 0, 1, 1, 0, 0, 0, 1, 1, 0, 0, 0, 0, 0, 0, 1, 1, 0, 0, 0, 0, 0, 1, 1, 0, 1, 1]
BWT          : [1, 0, 0, 0, 0, 0, 0, 0, 0, 0, 0, 0, 0, 0, 1, 0, 0, 0, 0, 0, 0, 0, 0, 0, 0, 0, 0, 0, 1, 0, 1, 0, 0, 0, 1, 0, 0, 0, 0, 0, 0, 0, 0, 0, 0, 1, 0, 1, 0, 0, 0, 0, 0, 0, 0, 0, 1, 0, 0, 0, 0, 1, 0, 0, 0, 1, 1, 0, 0, 1, 0, 0, 0, 0, 1, 0, 0, 0, 0, 0, 1, 0, 1, 0, 0, 1, 0, 0, 0, 0, 0, 0, 0, 0, 1, 0, 1, 0, 0, 0, 0, 0, 0, 0, 0, 2, 0, 0, 0, 1, 1, 0, 1, 0, 0, 0, 0, 0, 1, 0, 0, 0, 0, 0, 1, 1, 0, 0, 0, 0, 0, 0, 0, 0, 0, 1, 0, 0, 0, 0, 0, 0, 0, 1, 0, 0, 0, 0, 1, 1, 0, 0, 0, 1, 0, 0, 0, 0, 0, 0, 0, 0, 0, 1, 1, 1, 0, 0, 0, 0, 0, 0, 0, 0, 0, 0, 0, 0, 1, 1, 1, 0, 1, 0, 1, 1, 0, 0, 1, 0, 0, 0, 1, 0, 1, 0, 0, 0, 0, 0, 0, 0, 0, 0, 0, 0, 0, 0, 0, 0, 0, 0, 0, 0, 0, 0, 0, 0, 0, 1, 0, 0, 0, 0, 0, 1, 0, 0, 1, 0, 0, 0, 0, 0, 0, 1, 1, 0, 0, 1, 1, 0, 1, 1, 1, 0, 0, 1, 0, 0, 0, 0, 0, 0, 0, 0, 0, 0, 0, 0, 0, 0, 0, 0, 0, 0, 0, 0, 2, 0, 0, 0, 0, 0, 0, 1, 0, 0, 1, 0, 0, 0, 0, 0, 0, 1, 0, 0, 0, 0, 1, 0, 1, 0, 1, 1, 1, 0, 0, 1, 1, 0, 1, 0, 1, 1, 1, 1, 1, 1, 1, 1, 1, 0, 0, 0, 1, 1, 0, 1, 1, 0, 0, 1, 1, 1, 0, 1, 0, 1, 0, 1, 0, 1, 0, 1, 1, 0, 0, 0, 0, 0, 0, 0, 0, 0, 1, 0, 0, 0, 0, 0, 0, 0, 2, 0, 0, 1, 0, 0, 1, 1, 1, 1, 1, 0, 0, 0, 0, 0, 0, 0, 1, 0, 0, 1, 0, 0, 0, 1, 1, 0, 0, 0, 0, 1, 0, 0, 1, 1, 0, 1, 0, 0, 0, 1, 0, 1, 0, 0, 0, 0, 0, 1, 0, 1, 1, 0, 1, 0, 0, 0, 0, 1, 1, 0, 1, 0, 1, 1, 0, 1, 0, 0, 1, 0, 0, 1, 0, 1, 0, 1, 1, 0, 1, 1, 0, 0, 0, 1, 1, 0, 0, 1, 0, 0, 1, 1, 1, 0, 1, 0, 0, 2, 1, 0, 1, 1, 1, 0, 0, 0, 0, 0, 1, 0, 0, 1, 1, 1, 0, 0, 0, 0, 0, 1, 1, 1, 1, 1, 0, 0, 0, 0, 0, 0, 0, 0, 0, 1, 0, 0, 1, 0, 0, 1, 1, 0, 0, 1, 2, 0, 1, 1, 0, 0, 1, 0, 0, 1, 0, 1, 0, 2, 0, 1, 0, 0, 1, 1, 1, 1, 0, 1, 1, 1, 1, 1, 1, 0, 1, 0, 0, 0, 0, 1, 2, 0, 0, 0, 0, 0, 1, 0, 1, 1, 1, 0, 0, 0, 0, 0, 0, 0, 0, 0, 0, 0, 0, 0, 1, 0, 0, 1, 0, 1, 0, 0, 0, 0, 1, 0, 0, 0, 1, 1, 0, 0, 0, 0, 1, 0, 0, 0, 0, 1, 1, 1, 0, 0, 1, 0, 0, 1, 1, 1, 0, 1, 1, 0, 1, 1, 0, 0, 1, 0, 1, 0, 0, 0, 0, 0, 1, 0, 1, 1, 0, 1, 0, 1, 1, 1, 0, 1, 1, 0, 0, 0, 0, 1, 1, 1, 0, 0, 1, 1, 0, 1, 1, 1, 0, 1, 1, 0, 1, 1, 0, 0, 1, 0, 0, 0, 0, 0, 0, 0, 1, 0, 0, 1, 0, 0, 0, 1, 1, 1, 1, 1, 0, 1, 1, 1, 0, 1, 1, 2, 1, 0, 0, 1, 0, 1, 1, 1, 1, 1, 0, 1, 1, 2, 0, 0, 0, 1, 1, 1, 1, 1, 1, 0, 1, 0, 1, 1, 0, 1, 1, 0, 1, 0, 0, 0, 0, 0, 0, 1, 0, 0, 0, 0, 0, 0, 0, 0, 0, 0, 0, 0, 1, 0, 0, 0, 0, 0, 0, 0, 0, 0, 0, 1, 0, 1, 0, 0, 0, 0, 0, 0, 0, 0, 0, 0, 0, 0, 0, 0, 0, 0, 0, 0, 0, 0, 1, 1, 1, 0, 2, 0, 1, 1, 1, 1, 1, 0, 2, 0, 0, 1, 0, 0, 0, 1, 1, 1, 1, 1, 1, 1, 1, 0, 0, 0, 1, 1, 1, 1, 1, 0, 0, 1, 1, 1, 1, 1, 1, 1, 1, 1, 1, 1, 1, 1, 0, 1, 0, 1, 1, 1, 0, 1, 1, 1, 1, 1, 1, 1, 1, 0, 1, 1, 1, 1, 2, 1, 1, 1, 1, 1, 1, 0, 1, 1, 0, 1, 0, 1, 1, 0, 1, 1, 2, 1, 1, 1, 1, 0, 1, 1, 1, 1, 1, 0, 1, 0, 0, 1, 0, 0, 1, 0, 0, 0, 0, 0, 0, 0, 0, 0, 0, 0, 0, 0, 0, 0, 0, 1, 0, 0, 0, 0, 0, 0, 0, 0, 0, 0, 0, 0, 0, 0, 0, 0, 0, 0, 0, 0, 0, 0, 0, 0, 1, 1, 1, 0, 1, 0, 1, 1, 0, 0, 0, 1, 1, 1, 1, 1, 1, 0, 0, 0, 1, 0, 0, 0, 0, 0, 0, 0, 1, 1, 0, 0, 1, 0, 0, 0, 0, 1, 1, 0, 0, 0, 1, 0, 0, 0, 0, 1, 1, 0, 1, 0, 0, 1, 0, 0, 0, 0, 0, 0, 0, 0, 0, 0, 0, 0, 0, 1, 0, 1, 1, 1, 0, 0, 1, 0, 0, 0, 0, 0, 1, 0, 1, 1, 1, 1, 0, 0, 1, 1, 1, 0, 0, 0, 0, 0, 1, 1, 0, 1, 0, 0, 0, 1, 1, 0, 1, 1, 1, 0, 0, 0, 0, 0, 1, 0, 0, 1, 1, 1, 1, 1, 1, 1, 1, 0, 0, 1, 1, 0, 0, 0, 0, 1, 0, 1, 1, 0, 0, 0, 0, 1, 1, 1, 1, 0, 1, 1, 0, 1, 1, 0, 0, 0, 0, 0, 0, 1, 0, 1, 1, 1, 1, 1, 1, 1, 1, 1, 1, 0, 1, 1, 1, 0, 0, 1, 0, 0, 1, 1, 0, 1, 1, 1, 1, 0, 1, 1, 1, 1, 0, 1, 1, 1, 1, 1, 1, 0, 0, 1, 0, 1, 0, 1, 0, 1, 1, 1, 1, 1, 1, 1, 0, 1, 1, 1, 1, 1, 1, 1, 1, 1, 0, 1, 1, 1, 1, 1, 1, 1, 2, 1, 0, 1, 1, 1, 2, 1, 1, 1, 2, 1, 1, 1, 1, 1, 1, 1, 1, 0, 1, 1, 1, 1, 1, 1, 1, 0, 0, 1, 0, 1, 1, 1, 1, 0, 1, 0, 1, 1, 0, 1, 1, 1, 1, 1, 0, 1, 0, 1, 0, 1, 1, 1, 0, 0, 0, 1, 1, 1, 1, 1, 1, 0, 0, 1, 1, 1, 1, 0, 1, 1, 1, 0, 0, 1, 1, 1, 1, 1, 1, 1, 1, 1, 1, 1, 1, 1, 1, 1, 1, 1, 1, 1, 1, 1, 0, 1, 1, 1, 1, 0, 1, 1, 1, 0, 1, 1, 0, 0, 1, 1, 0, 1, 1, 1, 1, 0, 1, 1, 1, 1, 1, 1, 1, 1, 1, 1, 1, 1, 1, 1, 0, 1, 1, 1, 1, 1, 1, 1, 1, 1, 1, 0, 1, 0, 0, 0, 2, 1, 0, 0, 0, 0, 0, 0, 0, 0, 1, 0, 0, 0, 0, 0, 0, 0, 0, 0, 0, 0, 0, 0, 0, 0, 0, 0, 0, 0, 0, 1, 0, 1, 0, 0, 0, 0, 0, 0, 0, 0, 0, 0, 0, 0, 1, 0, 0, 0, 0, 0, 0, 0, 0, 0, 1, 1, 1, 1, 1, 1, 2, 1, 2, 2, 1, 2, 0, 1, 1, 1, 2, 1, 1, 1, 1, 1, 1, 1, 1, 1, 2, 2, 1, 1, 1, 1, 1, 1, 1, 2, 1, 1, 1, 1, 1, 1, 1, 1, 1, 1, 1, 1, 1, 1, 1, 0, 1, 1, 1, 1, 1, 1, 1, 1, 1, 2, 1, 1, 1, 1, 1, 1, 1, 1, 1, 2, 2, 1, 2, 2, 1, 0, 1, 1, 1, 1, 0, 1, 0, 1, 1, 0, 0, 1, 1, 1, 1, 1, 1, 1, 1, 2, 1, 0, 1, 1, 1, 1, 1, 1, 1, 1, 2, 1, 1, 1, 1, 1, 1, 1, 1, 1, 1, 1, 1, 1, 2, 0, 2, 1, 0, 1, 0, 1, 1, 0, 1, 1, 2, 0, 1, 2, 2, 1, 1, 1, 0, 1, 1, 0, 2, 0, 0, 1, 0, 1, 1, 1, 1, 1, 0, 1, 0, 1, 1, 1, 1, 1, 1, 1, 1, 1, 1, 1, 1, 1, 1, 1, 1, 1, 1, 1, 1, 1, 1, 1, 1, 1, 1, 1, 1, 1, 1, 1, 1, 1, 1, 1, 1, 1, 1, 1, 1, 1, 1, 1, 1, 1, 1, 1, 1, 1, 1, 1, 1, 1, 1, 1, 0, 0, 1, 2, 1, 1, 1, 1, 1, 1, 2, 1, 1, 1, 1, 1, 0, 0, 1, 1, 1, 1, 1, 2, 1, 1, 1, 1, 1, 1, 1, 1, 0, 1, 0, 0, 0, 1, 1, 0, 0, 0, 0, 0, 0, 0, 0, 1, 1, 1, 1, 1, 1, 1, 0, 0, 0, 1, 1, 0, 0, 0, 1, 1, 1, 1, 1, 0, 1, 0, 1, 0, 1, 1, 1, 1, 1, 0, 2, 0, 1, 0, 0, 0, 0, 0, 0, 1, 0, 1, 1, 1, 1, 1, 0, 0, 0, 0, 1, 0, 0, 0, 0, 1, 1, 1, 1, 1, 1, 1, 1, 1, 1, 1, 0, 1, 1, 2, 1, 1, 1, 1, 1, 1, 1, 1, 1, 2, 1, 1, 1, 1, 1, 1, 1, 1, 1, 1, 1, 1, 1, 1, 1, 1, 1, 2, 0, 1, 1, 1, 1, 1, 1, 0, 1, 1, 1, 1, 1, 2, 1, 1, 1, 1, 0, 1, 1, 1, 1, 0, 1, 1, 1, 1, 1, 1, 0, 1, 1, 1, 1, 1, 1, 1, 1, 1, 1, 1, 1, 1, 1, 1, 1, 1, 1, 1, 1, 1, 1, 1, 1, 1, 0, 0, 1, 1, 1, 1, 1, 1, 1, 0, 1, 1, 1, 1, 0, 1, 1, 1, 1, 1, 1, 0, 1, 0, 1, 1, 0, 1, 1, 1, 1, 1, 1, 1, 1, 1, 1, 0, 2, 0, 0, 0, 0, 0, 0, 0, 0, 1, 0, 1, 1, 1, 1, 1, 1, 1, 1, 1, 1, 1, 1, 1, 1, 1, 0, 1, 1, 1, 2, 1, 0, 0, 1, 1, 1, 1, 1, 1, 0, 1, 1, 1, 0, 1, 1, 1, 1, 1, 1, 1, 1, 1, 1, 1, 1, 1, 1, 1, 1, 1, 1, 1, 1, 0, 1, 1, 1, 1, 1, 0, 1, 1, 0, 1, 1, 0, 1, 0, 1, 1, 1, 1, 1, 0, 1, 1, 1, 0, 1, 1, 1, 1, 1, 1, 1, 0, 1, 1, 1, 1, 1, 1, 1, 1, 1, 1, 0, 0, 0, 0, 0, 0, 0, 1, 2, 0, 1, 0, 0, 0, 0, 0, 0, 0, 0, 0, 0, 0, 0, 0, 0, 1, 0, 0, 0, 0, 0, 0, 0, 0, 0, 0, 0, 0, 0, 0, 0, 1, 1, 0, 0, 0, 0, 0, 0, 0, 0, 0, 0, 0, 0, 0, 0, 0, 0, 0, 0, 0, 0, 0, 0, 0, 0, 0, 1, 0, 0, 1, 1, 0, 0, 0, 0, 0, 0, 0, 1, 1, 0, 0, 0, 0, 0, 0, 0, 0, 0, 0, 1, 0, 0, 1, 0, 0, 0, 0, 0, 0, 0, 0, 0, 0, 2, 2, 0, 1, 0, 0, 1, 0, 0, 0, 1, 1, 1, 0, 1, 0, 0, 1, 0, 0, 0, 0, 1, 0, 0, 0, 0, 1, 0, 0, 0, 0, 0, 0, 0, 1, 1, 1, 1, 0, 0, 0, 0, 0, 0, 0, 0, 0, 0, 0, 0, 0, 0, 0, 0, 0, 0, 1, 0, 0, 0, 0, 0, 0, 0, 0, 0, 0, 1, 1, 0, 1, 0, 0, 0, 0, 1, 0, 0, 1, 0, 0, 0, 1, 0, 0, 0, 1, 1, 0, 0, 1, 0, 0, 1, 1, 0, 1, 1, 1, 0, 0, 0, 1, 1, 0, 0, 1, 0, 0, 1, 0, 1, 1, 0, 1, 1, 2, 0, 1, 1, 1, 1, 0, 1, 1, 1, 2, 0, 1, 0, 0, 0, 0, 0, 0, 0, 0, 0, 0, 0, 0, 0, 0, 0, 0, 0, 0, 1, 0, 0, 0, 0, 0, 0, 0, 0, 1, 0, 0, 0, 1, 0, 0, 0, 0, 0, 1, 0, 1, 0, 1, 1, 1, 0, 0, 1, 0, 0, 1, 1, 0, 0, 0, 0, 1, 0, 0, 0, 0, 1, 0, 0, 0, 0, 0, 0, 0, 0, 1, 0, 0, 0, 0, 1, 0, 1, 0, 0, 0, 0, 0, 0, 0, 0, 0, 1, 0, 1, 1, 1, 0, 1, 0, 0, 0, 0, 0, 0, 0, 0, 0, 1, 1, 1, 1, 0, 1, 0, 0, 1, 1, 1, 0, 1, 1, 2, 1, 1, 0, 1, 1, 0, 1, 1, 0, 0, 1, 0, 0, 0, 1, 0, 0, 1, 1, 0, 0, 1, 0, 0, 1, 0, 1, 1, 1, 0, 0, 1, 0, 1, 1, 1, 1, 1, 1, 1, 1, 0, 1, 1, 0, 1, 0, 0, 1, 1, 1, 0, 1, 1, 1, 0, 1, 1, 1, 0, 1, 1, 1, 0, 1, 1, 2, 1, 0, 1, 1, 1, 1, 1, 0, 1, 0, 1, 1, 1, 1, 0, 1, 2, 1, 1, 1, 2, 0, 2, 1, 1, 1, 1, 1, 0, 1, 1, 1, 0, 1, 1, 1, 1, 1, 1, 0, 1, 1, 1, 1, 1, 1, 1, 1, 0, 1, 1, 0, 1, 0, 1, 0, 1, 1, 1, 1, 1, 0, 1, 1, 1, 1, 1, 1, 1, 1, 1, 1, 1, 1, 1, 1, 1, 1, 1, 1, 0, 1, 1, 1, 1, 1, 1, 1, 1, 1, 1, 1, 1, 1, 1, 1, 0, 1, 1, 1, 0, 2, 1, 1, 0, 1, 1, 1, 1, 1, 1, 1, 0, 1, 1, 1, 1, 1, 1, 1, 1, 1, 1, 1, 1, 1, 1, 1, 1, 1, 1, 0, 1, 1, 1, 1, 1, 1, 1, 1, 1, 1, 1, 1, 1, 1, 1, 1, 1, 1, 1, 1, 1, 1, 0, 0, 0, 0, 0, 0, 1, 0, 1, 0, 1, 0, 0, 0, 0, 0, 0, 0, 0, 0, 1, 0, 0, 0, 0, 1, 1, 0, 1, 1, 0, 0, 1, 0, 1, 0, 0, 1, 1, 1, 1, 1, 1, 1, 1, 0, 0, 0, 0, 0, 0, 0, 1, 0, 1, 0, 0, 0, 0, 0, 0, 0, 1, 0, 0, 0, 0, 0, 0, 0, 1, 1, 0, 0, 0, 0, 0, 0, 0, 0, 1, 0, 1, 0, 1, 1, 0, 0, 0, 0, 0, 0, 1, 1, 1, 0, 1, 1, 1, 1, 0, 1, 1, 0, 1, 1, 0, 0, 0, 1, 0, 0, 0, 1, 0, 1, 1, 0, 1, 1, 1, 1, 1, 1, 1, 0, 1, 1, 1, 1, 1, 0, 0, 1, 1, 1, 1, 1, 0, 1, 1, 1, 0, 1, 0, 2, 1, 1, 1, 1, 1, 1, 1, 1, 0, 1, 1, 1, 1, 1, 1, 1, 1, 0, 0, 0, 0, 0, 0, 0, 1, 0, 1, 1, 1, 1, 0, 0, 1, 1, 0, 1, 1, 0, 0, 0, 0, 1, 0, 1, 0, 0, 1, 1, 1, 1, 1, 0, 0, 1, 1, 1, 1, 0, 1, 0, 1, 1, 1, 1, 1, 1, 1, 1, 1, 0, 1, 1, 0, 0, 0, 1, 0, 1, 0, 1, 1, 1, 1, 1, 1, 1, 1, 1, 2, 1, 1, 0, 1, 1, 1, 0, 0, 0, 1, 1, 1, 1, 1, 1, 0, 1, 1, 0, 0, 0, 0, 0, 0, 1, 0, 2, 1, 1, 0, 0, 1, 1, 1, 0, 0, 1, 0, 0, 0, 0, 0, 0, 0, 0, 1, 0, 0, 0, 0, 0, 0, 0, 0, 1, 0, 0, 0, 0, 0, 0, 0, 2, 1, 0, 0, 0, 0, 1, 0, 1, 0, 0, 0, 0, 0, 0, 0, 0, 0, 0, 0, 0, 0, 0, 1, 0, 0, 0, 0, 0, 1, 0, 0, 2, 1, 0, 0, 0]  (index=28)
Round-trip   : lossless

MTFT         : 
Iteraciones usadas: 1
Entropía de salida: 1.1076 bits/símbolo
Round-trip   : lossless

[Compresores] (entrada: cadena post-MTFT, 2814 símbolos)
Algoritmo       Tamaño (bytes)  Tasa de compresión  
-------------- -------------- ------------------
Huffman         475             0.1688               lossless  
ZIP             643             0.2285               lossless  
Aritmético      390             0.1386               lossless  
PPM             1134            0.4030               lossless  
=======================================================
AF8 - 2010 símbolos

-------------------------------------------------------
--- AF8 ---
Longitud     : 2010
Original     : [0, 7, 1, 7, 1, 0, 0, 0, 0, 7, 1, 0, 0, 0, 0, 0, 7, 1, 0, 0, 7, 1, 0, 0, 0, 7, 1, 0, 0, 0, 0, 0, 7, 1, 0, 0, 7, 1, 0, 0, 0, 0, 7, 1, 0, 0, 0, 0, 0, 7, 1, 0, 0, 0, 0, 7, 1, 0, 0, 0, 7, 1, 0, 0, 0, 0, 0, 0, 0, 0, 0, 0, 7, 1, 7, 0, 0, 1, 0, 0, 7, 1, 0, 7, 0, 1, 7, 0, 1, 7, 0, 1, 7, 0, 1, 7, 0, 1, 7, 0, 1, 7, 0, 1, 7, 0, 1, 7, 0, 1, 7, 0, 0, 1, 7, 1, 7, 1, 7, 0, 1, 7, 1, 7, 0, 0, 0, 1, 0, 7, 0, 0, 1, 7, 0, 1, 7, 0, 0, 1, 7, 0, 0, 0, 1, 7, 0, 1, 7, 1, 7, 7, 1, 1, 7, 0, 1, 7, 0, 0, 0, 1, 7, 0, 0, 0, 0, 2, 1, 0, 0, 0, 7, 0, 0, 0, 1, 1, 1, 7, 7, 0, 7, 7, 0, 0, 7, 1, 7, 1, 7, 7, 0, 1, 7, 0, 0, 7, 1, 0, 7, 0, 1, 7, 1, 7, 1, 0, 0, 7, 2, 1, 7, 0, 0, 0, 0, 1, 7, 0, 1, 0, 7, 0, 7, 0, 1, 7, 1, 0, 7, 1, 7, 0, 0, 0, 0, 0, 0, 0, 0, 7, 1, 0, 0, 0, 0, 0, 0, 0, 0, 0, 0, 7, 2, 7, 0, 0, 0, 0, 0, 0, 0, 0, 0, 1, 7, 0, 1, 7, 0, 0, 1, 7, 0, 0, 1, 7, 0, 1, 7, 0, 0, 1, 7, 1, 7, 0, 1, 7, 0, 1, 7, 1, 7, 0, 0, 1, 7, 1, 7, 1, 7, 1, 7, 1, 7, 0, 1, 7, 1, 7, 1, 7, 1, 7, 1, 7, 1, 7, 1, 7, 0, 1, 0, 7, 1, 0, 7, 1, 7, 1, 0, 7, 0, 1, 0, 7, 1, 7, 1, 7, 1, 0, 7, 1, 0, 1, 7, 0, 1, 0, 0, 0, 1, 1, 0, 1, 7, 0, 0, 0, 1, 7, 0, 0, 0, 0, 0, 0, 0, 0, 0, 0, 0, 0, 0, 0, 0, 0, 0, 0, 0, 0, 0, 0, 0, 7, 1, 0, 0, 0, 0, 0, 0, 0, 0, 0, 0, 0, 0, 0, 0, 0, 0, 0, 0, 0, 0, 0, 0, 0, 0, 0, 0, 0, 0, 0, 0, 0, 0, 0, 0, 0, 0, 7, 1, 0, 0, 7, 1, 7, 0, 0, 7, 0, 0, 0, 0, 0, 0, 7, 1, 0, 0, 7, 1, 0, 7, 0, 1, 7, 0, 1, 7, 0, 7, 1, 0, 0, 0, 0, 0, 0, 7, 1, 0, 0, 7, 1, 0, 7, 1, 0, 7, 1, 7, 1, 0, 7, 1, 7, 1, 0, 7, 0, 1, 0, 0, 7, 0, 7, 1, 1, 7, 1, 7, 1, 7, 0, 1, 7, 1, 7, 0, 0, 0, 0, 0, 0, 0, 0, 0, 0, 0, 7, 1, 0, 0, 1, 0, 2, 0, 1, 0, 0, 0, 7, 1, 0, 0, 0, 7, 1, 0, 0, 0, 7, 1, 0, 7, 0, 1, 0, 7, 0, 1, 0, 7, 0, 1, 7, 0, 0, 0, 0, 1, 7, 0, 0, 0, 0, 0, 0, 0, 0, 7, 1, 0, 0, 7, 1, 7, 1, 7, 1, 7, 1, 0, 7, 0, 1, 7, 1, 7, 1, 7, 0, 0, 1, 7, 0, 0, 0, 0, 0, 0, 0, 0, 0, 0, 0, 0, 0, 7, 0, 1, 7, 7, 0, 0, 0, 0, 0, 0, 0, 0, 7, 1, 0, 0, 0, 7, 1, 0, 0, 7, 1, 0, 0, 7, 1, 0, 0, 0, 0, 7, 1, 0, 7, 1, 0, 0, 0, 7, 1, 0, 7, 1, 0, 0, 7, 1, 7, 1, 0, 0, 7, 1, 7, 1, 7, 1, 7, 1, 7, 1, 7, 1, 7, 1, 7, 1, 7, 1, 7, 1, 7, 0, 0, 1, 7, 1, 7, 0, 1, 7, 0, 1, 7, 0, 0, 2, 1, 0, 1, 7, 0, 0, 1, 7, 0, 0, 1, 7, 0, 1, 7, 0, 1, 7, 0, 1, 7, 0, 0, 0, 1, 7, 1, 7, 0, 0, 1, 7, 0, 1, 7, 0, 1, 7, 0, 1, 7, 0, 1, 7, 0, 1, 7, 0, 0, 0, 1, 7, 0, 1, 7, 0, 1, 7, 1, 7, 0, 1, 7, 0, 1, 7, 0, 0, 0, 1, 7, 1, 7, 0, 0, 1, 7, 0, 1, 7, 0, 0, 1, 7, 0, 1, 7, 0, 0, 0, 1, 7, 1, 7, 1, 7, 1, 7, 0, 1, 7, 0, 0, 0, 0, 0, 0, 7, 1, 0, 0, 0, 7, 1, 0, 7, 1, 0, 0, 7, 1, 0, 1, 0, 0, 1, 0, 7, 1, 7, 0, 0, 7, 1, 7, 0, 0, 7, 1, 0, 7, 7, 1, 7, 0, 7, 7, 0, 0, 1, 2, 7, 0, 0, 7, 1, 1, 1, 0, 7, 1, 0, 7, 1, 0, 7, 1, 7, 1, 7, 1, 7, 0, 1, 7, 1, 7, 1, 7, 0, 0, 1, 7, 0, 0, 1, 7, 1, 7, 0, 1, 7, 0, 1, 7, 0, 0, 1, 7, 0, 1, 7, 0, 0, 1, 7, 0, 0, 0, 0, 1, 7, 0, 0, 0, 0, 1, 7, 0, 1, 7, 0, 0, 0, 1, 7, 0, 0, 0, 0, 0, 1, 7, 0, 7, 1, 0, 7, 1, 0, 7, 1, 0, 0, 0, 7, 1, 0, 7, 1, 7, 1, 0, 7, 1, 0, 0, 0, 0, 0, 0, 7, 1, 7, 1, 0, 0, 0, 7, 1, 0, 7, 0, 0, 1, 7, 0, 1, 0, 7, 0, 1, 0, 7, 1, 7, 1, 7, 0, 0, 0, 0, 1, 0, 7, 0, 1, 7, 0, 1, 7, 1, 7, 0, 0, 0, 1, 7, 0, 0, 0, 0, 0, 0, 0, 7, 7, 0, 7, 1, 7, 1, 7, 1, 7, 1, 0, 7, 0, 0, 0, 0, 1, 7, 1, 7, 1, 7, 1, 7, 0, 1, 7, 1, 0, 7, 1, 7, 1, 0, 7, 1, 0, 0, 0, 7, 1, 7, 1, 0, 0, 0, 0, 7, 1, 0, 0, 7, 1, 0, 0, 0, 0, 0, 0, 0, 0, 0, 0, 0, 0, 0, 0, 0, 1, 7, 0, 0, 0, 0, 0, 0, 1, 7, 0, 1, 7, 0, 1, 7, 1, 7, 1, 0, 0, 0, 1, 7, 7, 0, 0, 7, 7, 1, 0, 0, 0, 0, 0, 1, 7, 1, 0, 7, 1, 0, 0, 7, 1, 7, 1, 0, 0, 0, 7, 1, 7, 1, 0, 0, 0, 0, 0, 7, 1, 0, 0, 0, 0, 0, 7, 1, 0, 0, 0, 0, 0, 0, 0, 0, 0, 0, 1, 7, 0, 0, 7, 2, 7, 0, 0, 0, 1, 7, 0, 0, 0, 1, 7, 0, 1, 7, 0, 0, 0, 1, 7, 1, 7, 1, 7, 1, 7, 0, 1, 0, 0, 7, 0, 1, 0, 0, 7, 1, 7, 1, 7, 1, 0, 0, 7, 1, 0, 7, 1, 0, 0, 0, 0, 0, 7, 1, 1, 7, 0, 0, 0, 1, 7, 0, 7, 0, 7, 7, 1, 1, 7, 7, 7, 0, 2, 7, 1, 0, 7, 1, 0, 0, 7, 1, 0, 0, 0, 0, 0, 0, 0, 1, 7, 7, 1, 1, 0, 7, 7, 1, 1, 7, 0, 1, 7, 1, 7, 1, 0, 7, 1, 0, 7, 1, 7, 1, 0, 0, 0, 7, 2, 0, 7, 7, 7, 1, 1, 0, 0, 0, 0, 0, 0, 0, 0, 0, 0, 0, 0, 7, 1, 0, 1, 7, 0, 1, 7, 0, 0, 0, 1, 7, 0, 0, 1, 0, 7, 0, 0, 0, 0, 1, 7, 0, 1, 0, 7, 0, 1, 7, 0, 1, 7, 1, 7, 0, 1, 7, 0, 0, 1, 0, 0, 7, 0, 1, 7, 1, 0, 7, 0, 1, 0, 0, 7, 0, 0, 1, 0, 7, 1, 7, 1, 7, 1, 0, 7, 0, 1, 7, 0, 1, 0, 7, 0, 1, 1, 1, 0, 0, 1, 0, 7, 7, 0, 1, 7, 1, 7, 0, 0, 7, 0, 0, 0, 7, 0, 1, 0, 7, 0, 0, 0, 0, 0, 0, 0, 0, 0, 7, 0, 0, 7, 1, 7, 0, 0, 0, 0, 0, 0, 0, 0, 0, 0, 0, 1, 0, 1, 0, 0, 0, 0, 0, 0, 0, 1, 7, 0, 1, 7, 1, 7, 0, 0, 0, 0, 1, 0, 7, 0, 1, 0, 7, 1, 7, 1, 7, 1, 7, 1, 7, 1, 0, 7, 0, 7, 0, 1, 0, 0, 0, 0, 0, 0, 1, 7, 0, 1, 7, 0, 0, 1, 7, 0, 0, 1, 7, 0, 1, 7, 0, 1, 7, 1, 7, 1, 7, 1, 7, 1, 0, 7, 1, 7, 1, 0, 0, 0, 0, 7, 1, 0, 0, 1, 7, 0, 0, 1, 7, 0, 1, 7, 1, 7, 1, 7, 1, 7, 7, 0, 7, 7, 0, 0, 7, 1, 0, 0, 0, 7, 1, 0, 0, 0, 7, 1, 0, 0, 0, 0, 0, 0, 7, 1, 0, 0, 0, 0, 0, 0, 0, 1, 7, 0, 0, 0, 0, 0, 1, 7, 0, 0, 0, 0, 0, 0, 0, 1, 7, 0, 0, 1, 7, 1, 7, 1, 0, 7, 1, 0, 7, 0, 0, 0, 0, 0, 0, 7, 1, 0, 7, 0, 1, 7, 1, 0, 0, 7, 1, 0, 0, 0, 7, 1, 0, 0, 0, 0, 0, 0, 0, 0, 0, 1, 7, 0, 1, 1, 0, 0, 1, 7, 0, 0, 0, 0, 0, 0, 0, 0, 0, 1, 0, 7, 0, 7, 0, 1, 7, 7, 1, 7, 1, 7, 0, 0, 0, 0, 0, 0, 7, 0, 1, 7, 0, 7, 0, 1, 7, 0, 0, 0, 7, 1, 7, 1, 0, 0, 0, 7, 2, 1, 0, 0, 0, 0, 0, 0, 0, 0, 1, 7, 0, 0, 0, 0, 0, 1, 7, 0, 0, 0, 0, 0, 1, 7, 1, 7, 0, 1, 7, 1, 7, 0, 1, 7, 0, 1, 7, 1, 0, 7, 1, 7, 1, 7, 1, 0, 7, 1, 7, 0, 1, 7, 1, 0, 0, 7, 1, 0, 7, 0, 1, 0, 7, 1, 7, 1, 0, 0, 0, 7, 0, 1, 0, 0, 7, 1, 0, 0, 0, 0, 0, 0, 0, 0, 0, 0, 0, 1, 7, 0, 0, 0, 0, 1, 7, 1, 7, 0, 1, 0, 0, 7, 7, 0, 0, 0, 0, 0, 0, 0, 0, 0, 0, 0, 0, 0, 0, 1, 7, 0, 0, 0, 0, 0, 0, 0, 0, 1, 7, 0, 0, 7, 1, 0, 1, 7, 0, 1, 7, 0, 1, 7, 0, 0, 1, 7, 0, 0, 0, 1, 7, 0, 0, 1, 0, 7, 1, 0, 7, 0, 1, 7, 1, 0, 7, 0, 1, 7, 1, 7, 0, 1, 0, 7, 1, 7, 1, 0, 7, 1, 0, 7, 1, 0, 0, 0, 7, 1, 0, 0, 0, 0, 0, 0, 0, 1, 7, 0, 1, 7, 0, 7, 0, 0, 7, 0, 2, 7, 0, 0, 0, 0, 0, 1, 7, 0, 0, 0, 0, 0, 0, 0, 0, 1, 7, 0, 0, 0, 0, 1, 7, 0, 0, 0, 0, 1, 7, 0, 0, 1, 7, 1, 7, 0, 0, 1, 7, 0, 1, 7, 1, 7, 1, 7, 0, 1, 0, 0, 7, 1, 7, 1, 0, 7, 1, 0, 7, 1, 7, 1, 0, 0, 0, 0, 0, 0, 1, 7, 7, 1, 1, 0, 7, 1, 7, 0, 0, 1, 7, 0, 1, 0, 7, 7, 0, 0, 7, 0, 0, 7, 0, 0, 0, 1, 7, 0, 0, 0, 0, 0, 0, 1, 7, 0, 0, 0, 0, 0, 0, 0, 0, 0, 0, 0, 0, 0, 0, 0]
BWT          : [1, 0, 0, 0, 0, 0, 0, 0, 0, 0, 0, 0, 0, 7, 0, 0, 0, 0, 0, 0, 0, 0, 0, 0, 0, 0, 0, 0, 0, 7, 1, 0, 0, 0, 7, 0, 0, 0, 0, 0, 0, 7, 0, 0, 0, 0, 0, 0, 0, 0, 1, 0, 7, 0, 0, 1, 0, 0, 7, 0, 0, 0, 0, 0, 0, 0, 1, 0, 0, 0, 0, 0, 1, 0, 1, 0, 7, 0, 0, 0, 0, 1, 7, 7, 0, 0, 0, 0, 0, 0, 0, 0, 0, 0, 0, 0, 1, 7, 0, 7, 0, 0, 0, 0, 0, 0, 7, 7, 0, 0, 7, 0, 0, 0, 0, 0, 0, 0, 0, 1, 0, 0, 0, 7, 0, 0, 0, 0, 1, 1, 1, 0, 0, 0, 0, 0, 0, 0, 0, 0, 0, 0, 0, 7, 0, 0, 7, 0, 0, 0, 0, 0, 0, 0, 0, 0, 0, 0, 1, 7, 0, 0, 1, 0, 0, 7, 0, 0, 0, 1, 0, 7, 0, 7, 1, 0, 0, 0, 7, 0, 0, 1, 0, 0, 0, 0, 0, 7, 0, 7, 0, 0, 0, 7, 0, 0, 0, 0, 0, 0, 0, 0, 0, 0, 0, 7, 1, 7, 0, 0, 0, 0, 0, 0, 1, 0, 0, 1, 1, 0, 0, 0, 1, 1, 0, 0, 0, 0, 0, 0, 1, 0, 0, 0, 0, 0, 0, 7, 7, 0, 0, 0, 0, 7, 0, 0, 0, 0, 0, 0, 7, 7, 0, 7, 0, 0, 0, 7, 7, 0, 7, 0, 0, 0, 0, 0, 0, 0, 7, 0, 7, 0, 0, 7, 0, 0, 0, 0, 0, 0, 0, 0, 1, 1, 0, 1, 0, 0, 0, 1, 1, 0, 0, 0, 0, 0, 0, 0, 0, 1, 0, 0, 0, 0, 0, 0, 0, 7, 0, 0, 0, 1, 7, 7, 0, 0, 0, 0, 0, 7, 7, 0, 0, 0, 7, 0, 0, 0, 0, 0, 7, 7, 7, 7, 0, 0, 0, 0, 0, 0, 0, 0, 7, 0, 0, 7, 0, 0, 0, 7, 7, 0, 0, 7, 7, 0, 0, 7, 7, 0, 1, 0, 0, 0, 1, 0, 1, 7, 0, 0, 0, 0, 1, 0, 1, 0, 1, 1, 0, 0, 1, 0, 0, 0, 1, 1, 0, 1, 0, 0, 0, 0, 0, 0, 1, 0, 0, 0, 0, 0, 1, 1, 0, 0, 1, 1, 1, 0, 0, 1, 0, 1, 0, 7, 1, 1, 0, 0, 7, 7, 0, 1, 7, 0, 0, 0, 0, 7, 1, 7, 1, 0, 0, 7, 0, 0, 7, 1, 0, 0, 0, 0, 0, 0, 0, 0, 0, 0, 0, 0, 7, 0, 0, 0, 0, 7, 0, 7, 0, 0, 7, 7, 7, 1, 0, 7, 0, 0, 0, 7, 0, 0, 7, 0, 0, 0, 7, 7, 7, 0, 0, 7, 7, 7, 7, 0, 0, 7, 0, 0, 7, 7, 0, 0, 0, 0, 0, 0, 7, 0, 7, 7, 7, 0, 7, 7, 0, 0, 0, 7, 0, 0, 0, 0, 7, 7, 0, 7, 7, 1, 7, 0, 0, 1, 0, 0, 1, 0, 7, 1, 0, 1, 1, 0, 0, 0, 0, 0, 0, 1, 0, 0, 0, 0, 0, 1, 0, 1, 0, 1, 0, 1, 7, 0, 0, 0, 0, 0, 0, 0, 0, 1, 0, 0, 0, 0, 0, 0, 1, 0, 7, 0, 0, 1, 1, 1, 0, 7, 1, 0, 0, 0, 1, 0, 7, 7, 0, 7, 0, 1, 7, 0, 0, 0, 0, 1, 0, 1, 1, 1, 1, 1, 7, 0, 0, 1, 0, 7, 1, 0, 7, 1, 7, 7, 2, 1, 7, 7, 0, 7, 7, 0, 7, 7, 7, 0, 0, 7, 0, 0, 7, 7, 0, 7, 7, 0, 7, 7, 0, 0, 7, 0, 7, 7, 7, 0, 7, 7, 7, 0, 7, 0, 7, 0, 0, 0, 0, 0, 0, 0, 0, 0, 0, 0, 0, 0, 7, 0, 0, 0, 0, 7, 0, 0, 0, 0, 0, 0, 1, 7, 7, 7, 0, 0, 7, 0, 7, 7, 7, 7, 7, 7, 0, 0, 7, 7, 7, 7, 1, 7, 7, 7, 0, 0, 0, 0, 0, 0, 7, 0, 7, 7, 0, 7, 0, 1, 0, 7, 0, 0, 0, 0, 0, 1, 7, 7, 7, 0, 0, 0, 7, 0, 0, 0, 0, 7, 0, 7, 7, 7, 7, 1, 7, 7, 0, 7, 7, 7, 0, 7, 7, 7, 7, 0, 0, 0, 0, 7, 7, 0, 7, 7, 7, 7, 7, 0, 7, 0, 0, 7, 7, 0, 7, 0, 7, 7, 7, 7, 0, 7, 7, 7, 7, 7, 7, 7, 0, 0, 0, 7, 7, 0, 7, 7, 7, 0, 0, 7, 0, 0, 7, 7, 0, 7, 7, 7, 7, 0, 0, 0, 0, 7, 0, 7, 7, 7, 7, 0, 0, 0, 7, 1, 0, 0, 7, 7, 1, 0, 1, 1, 1, 0, 0, 0, 0, 1, 1, 0, 7, 0, 7, 1, 1, 0, 0, 0, 1, 1, 1, 1, 1, 1, 1, 1, 7, 1, 1, 1, 1, 1, 0, 1, 0, 1, 7, 1, 1, 1, 0, 7, 0, 1, 1, 1, 0, 7, 0, 0, 0, 0, 0, 0, 0, 0, 0, 0, 0, 7, 1, 0, 0, 0, 0, 1, 0, 0, 0, 0, 0, 1, 0, 0, 0, 0, 0, 0, 0, 1, 1, 1, 0, 0, 0, 1, 0, 0, 0, 0, 1, 0, 0, 0, 1, 1, 0, 0, 1, 0, 0, 1, 0, 0, 0, 0, 0, 0, 1, 0, 0, 1, 0, 1, 0, 0, 7, 0, 1, 1, 1, 1, 0, 1, 1, 0, 0, 0, 7, 0, 1, 0, 1, 0, 0, 1, 1, 1, 0, 0, 1, 0, 1, 0, 0, 1, 0, 0, 1, 1, 1, 1, 1, 0, 1, 1, 0, 1, 1, 1, 1, 7, 0, 1, 0, 0, 0, 0, 0, 0, 0, 0, 7, 1, 7, 7, 1, 0, 0, 1, 7, 1, 2, 7, 7, 1, 7, 7, 7, 7, 7, 2, 7, 7, 0, 7, 0, 7, 7, 7, 7, 7, 7, 7, 7, 7, 7, 7, 7, 7, 7, 7, 7, 7, 0, 7, 2, 7, 7, 7, 7, 7, 7, 7, 0, 7, 7, 7, 7, 7, 7, 7, 7, 7, 7, 7, 7, 0, 1, 1, 7, 0, 0, 0, 0, 7, 0, 7, 7, 7, 7, 7, 7, 7, 7, 0, 7, 7, 7, 7, 7, 7, 0, 0, 7, 7, 7, 0, 0, 7, 1, 2, 7, 7, 7, 0, 0, 7, 0, 7, 7, 0, 7, 7, 7, 0, 7, 0, 7, 0, 0, 0, 7, 7, 7, 0, 0, 7, 7, 7, 7, 7, 7, 0, 0, 7, 7, 7, 7, 7, 7, 7, 7, 7, 7, 7, 7, 0, 7, 7, 1, 7, 7, 0, 7, 7, 7, 1, 0, 7, 7, 7, 0, 7, 7, 7, 7, 7, 0, 7, 0, 0, 0, 7, 7, 0, 0, 0, 1, 7, 7, 1, 0, 0, 1, 7, 7, 0, 7, 0, 7, 7, 7, 7, 1, 7, 0, 0, 0, 0, 7, 7, 0, 0, 0, 7, 0, 0, 0, 0, 0, 7, 0, 0, 0, 0, 0, 7, 7, 0, 0, 0, 0, 2, 0, 0, 0, 7, 0, 7, 0, 0, 0, 0, 0, 0, 0, 1, 0, 0, 0, 0, 0, 0, 7, 0, 0, 7, 0, 0, 0, 0, 0, 0, 7, 7, 0, 0, 7, 0, 0, 7, 0, 7, 0, 0, 0, 7, 0, 0, 0, 7, 0, 7, 7, 0, 0, 7, 7, 0, 0, 7, 7, 7, 0, 0, 0, 0, 7, 7, 0, 0, 7, 0, 1, 0, 0, 0, 0, 0, 0, 7, 0, 0, 0, 0, 0, 0, 0, 0, 0, 0, 0, 7, 0, 0, 7, 0, 7, 0, 0, 0, 0, 0, 0, 0, 0, 0, 0, 7, 7, 0, 0, 0, 0, 0, 7, 7, 0, 7, 0, 7, 0, 0, 0, 0, 7, 0, 1, 7, 0, 0, 7, 0, 0, 0, 0, 0, 0, 0, 7, 7, 7, 7, 7, 7, 7, 7, 7, 7, 7, 7, 0, 0, 7, 7, 7, 7, 0, 7, 7, 7, 0, 7, 7, 7, 7, 0, 7, 7, 7, 7, 7, 0, 7, 7, 7, 0, 0, 0, 7, 0, 7, 0, 0, 7, 7, 0, 0, 0, 7, 0, 0, 7, 7, 0, 7, 0, 7, 0, 0, 0, 0, 0, 0, 7, 7, 7, 0, 7, 7, 0, 7, 0, 7, 7, 7, 7, 7, 0, 0, 7, 7, 0, 0, 7, 7, 0, 7, 7, 7, 1, 0, 7, 7, 7, 7, 7, 7, 7, 0, 7, 0, 0, 7, 7, 0, 7, 7, 0, 7, 7, 7, 0, 7, 7, 7, 0, 7, 7, 7, 0, 0, 0, 7, 7, 1, 0, 0, 7, 0, 1, 0, 7, 7, 0, 0, 7, 7, 0, 7, 1, 0, 1, 1, 7, 1, 1, 1, 1, 2, 0, 1, 1, 1, 7, 1, 1, 1, 1, 1, 1, 1, 0, 0, 2, 1, 1, 1, 1, 1, 1, 1, 1, 1, 1, 0, 1, 1, 1, 0, 1, 1, 0, 1, 1, 0, 1, 1, 2, 1, 1, 1, 1, 1, 1, 1, 1, 1, 1, 0, 1, 1, 1, 1, 1, 0, 7, 1, 1, 1, 1, 1, 1, 1, 1, 0, 1, 1, 1, 0, 1, 1, 1, 1, 1, 1, 1, 1, 1, 1, 1, 1, 1, 1, 1, 1, 0, 1, 7, 0, 7, 1, 1, 1, 2, 0, 1, 7, 1, 7, 0, 1, 0, 1, 0, 0, 1, 0, 1, 0, 0, 1, 1, 0, 1, 1, 1, 0, 1, 0, 0, 0, 1, 1, 0, 1, 0, 1, 1, 1, 1, 1, 1, 1, 1, 0, 1, 1, 1, 1, 1, 1, 1, 1, 1, 1, 1, 7, 0, 1, 1, 1, 1, 1, 1, 1, 1, 1, 1, 1, 1, 1, 1, 1, 1, 1, 0, 0, 1, 0, 1, 0, 1, 1, 1, 1, 0, 1, 0, 1, 0, 0, 0, 1, 1, 1, 1, 1, 1, 1, 7, 0, 1, 1, 1, 1, 0, 1, 0, 1, 1, 1, 1, 1, 1, 0, 0, 0, 7, 1, 0, 1, 0, 0, 1, 1, 1, 0, 7, 1, 7, 7, 0, 0, 0, 0, 0, 0, 0, 0, 0, 0, 0, 1, 0, 0, 0, 7, 0, 1, 0, 0, 0, 0, 0, 1, 0, 1, 1, 0, 1, 1, 0, 0, 0, 0, 0, 0, 0, 0, 1, 0, 0, 0, 0, 1, 0, 1, 1, 0, 0, 0, 0, 0, 0, 1, 0, 0, 0, 1, 0, 1, 0, 0, 0, 0, 0, 1, 1, 0, 0, 0, 0, 0, 1, 0, 1, 1, 0, 0, 1, 1, 0, 0, 0, 0, 1, 0, 1, 1, 1, 0, 0, 0, 0, 1, 2, 0, 1, 0, 1, 1, 1, 0, 1, 1, 0, 0, 1, 1, 0, 1, 0, 1, 0, 0, 1, 0, 1, 0, 0, 7, 7, 7, 0, 0, 7, 7, 0, 7, 0, 1, 0, 1, 1, 1, 1, 1, 0, 1, 1, 0, 1, 1, 1, 1, 1, 0, 1, 0, 0, 1, 1, 1, 1, 1, 1, 1, 1, 1, 1, 1, 1, 0, 1, 1, 1, 1, 1, 1, 7, 0, 0, 0, 0, 0, 1, 0, 0, 0, 0, 0, 1, 0, 1, 1, 0, 0, 1, 1, 1, 0, 0, 1, 1, 0, 0, 1, 1, 1, 0, 7, 0, 1, 1, 1, 1, 1, 1, 1, 1, 1, 1, 1, 1, 0, 1, 0, 1, 1, 0, 0, 1, 1, 1, 1, 1, 1, 0, 1, 0, 0, 1, 1, 1, 1, 1, 0, 1, 1, 1, 1, 1, 1, 1, 0, 1, 0, 1, 1, 1, 1, 0, 0, 0, 0, 0, 0, 1, 0, 0, 0, 0, 1, 1, 0, 7, 0, 1, 1, 0, 7, 1, 1, 1, 0, 0, 0, 1, 1, 0]  (index=967)
Round-trip   : lossless

MTFT         : 
Iteraciones usadas: 1
Entropía de salida: 1.4052 bits/símbolo
Round-trip   : lossless

[Compresores] (entrada: cadena post-MTFT, 2010 símbolos)
Algoritmo       Tamaño (bytes)  Tasa de compresión  
-------------- -------------- ------------------
Huffman         391             0.1945               lossless  
ZIP             595             0.2960               lossless  
Aritmético      354             0.1761               lossless  
PPM             1314            0.6537               lossless  


  Guardado: resultados/resultado_bat4/plot_bat4_imagen_contornos.png
  Guardado: resultados/resultado_bat4/plot_bat4_bytes_comprimidos.png
   Guardado: resultados/resultado_bat4/plot_bat4_ratio_compresion.png

Resultados exportados con éxito en la carpeta: resultados/resultado_bat4

