Nombre de la imagen: beetle6.gif
Imagen cargada: 266x258 px

=======================================================
F4 - 2192 símbolos

-------------------------------------------------------
--- F4 ---
Longitud     : 2192
Original     : [0, 0, 1, 0, 1, 0, 1, 0, 1, 1, 1, 1, 0, 0, 0, 1, 0, 0, 1, 1, 1, 2, 1, 2, 2, 1, 2, 3, 3, 2, 1, 2, 1, 2, 3, 3, 2, 1, 2, 1, 1, 2, 2, 1, 2, 2, 1, 0, 1, 2, 2, 1, 1, 1, 1, 0, 1, 1, 2, 1, 0, 0, 1, 1, 2, 1, 1, 1, 0, 0, 1, 0, 1, 2, 1, 1, 1, 2, 1, 1, 2, 1, 1, 1, 2, 2, 1, 0, 1, 1, 2, 2, 1, 0, 1, 2, 1, 2, 1, 1, 1, 2, 1, 2, 1, 1, 1, 1, 2, 1, 0, 1, 0, 0, 1, 1, 0, 0, 1, 0, 0, 1, 1, 0, 0, 1, 1, 0, 0, 1, 0, 0, 0, 3, 0, 0, 0, 3, 0, 0, 3, 0, 1, 0, 3, 0, 3, 0, 1, 0, 0, 3, 0, 0, 3, 2, 3, 2, 3, 0, 3, 2, 3, 2, 2, 3, 3, 2, 3, 2, 3, 2, 3, 2, 3, 0, 3, 2, 3, 0, 3, 3, 3, 0, 3, 0, 0, 3, 3, 0, 3, 0, 0, 0, 3, 0, 1, 1, 0, 0, 1, 0, 1, 1, 0, 1, 1, 2, 1, 1, 1, 2, 2, 1, 1, 2, 2, 1, 0, 0, 1, 0, 1, 0, 1, 0, 1, 0, 3, 3, 3, 3, 3, 0, 3, 0, 3, 0, 0, 3, 0, 0, 1, 1, 0, 0, 1, 1, 0, 0, 1, 0, 1, 1, 1, 1, 1, 0, 1, 0, 0, 1, 0, 3, 3, 0, 0, 1, 0, 0, 1, 1, 0, 0, 1, 1, 0, 1, 0, 1, 2, 1, 2, 1, 1, 2, 1, 2, 2, 2, 1, 0, 1, 0, 0, 1, 0, 1, 0, 0, 3, 0, 3, 0, 3, 3, 0, 0, 3, 0, 0, 1, 0, 1, 0, 0, 1, 1, 0, 0, 1, 1, 1, 1, 1, 2, 1, 1, 2, 3, 2, 1, 2, 1, 2, 2, 1, 2, 2, 2, 2, 2, 3, 2, 3, 2, 1, 2, 3, 2, 3, 2, 3, 2, 2, 2, 1, 2, 1, 2, 1, 2, 1, 0, 0, 1, 2, 1, 2, 1, 1, 1, 0, 1, 2, 1, 1, 0, 1, 1, 0, 1, 0, 0, 1, 0, 1, 0, 1, 0, 1, 0, 1, 0, 0, 1, 1, 0, 0, 1, 1, 1, 0, 3, 0, 3, 3, 0, 3, 0, 0, 3, 0, 3, 3, 0, 1, 0, 3, 0, 3, 0, 0, 3, 0, 0, 3, 0, 0, 0, 3, 3, 0, 0, 1, 0, 3, 0, 3, 0, 3, 0, 3, 0, 0, 1, 0, 0, 1, 0, 1, 0, 3, 0, 0, 1, 0, 3, 0, 1, 0, 3, 0, 3, 3, 0, 0, 3, 0, 3, 0, 3, 3, 2, 3, 0, 3, 3, 3, 2, 3, 2, 3, 2, 2, 3, 0, 0, 3, 3, 0, 0, 0, 0, 1, 0, 0, 0, 3, 3, 0, 0, 1, 0, 1, 0, 1, 2, 1, 0, 1, 2, 1, 2, 1, 1, 0, 1, 2, 1, 2, 1, 1, 1, 2, 1, 2, 1, 1, 2, 1, 2, 1, 2, 1, 2, 1, 2, 2, 2, 2, 1, 1, 2, 1, 2, 3, 2, 2, 1, 1, 2, 3, 2, 1, 1, 2, 2, 3, 2, 1, 2, 2, 1, 0, 0, 1, 0, 1, 2, 1, 1, 2, 2, 2, 2, 1, 1, 1, 2, 2, 1, 1, 2, 2, 3, 2, 2, 2, 2, 1, 2, 2, 2, 1, 2, 3, 2, 1, 2, 2, 2, 2, 2, 1, 2, 3, 2, 2, 1, 1, 2, 3, 2, 2, 1, 2, 3, 2, 2, 3, 3, 2, 2, 3, 2, 2, 2, 3, 3, 2, 2, 3, 2, 3, 2, 3, 2, 1, 1, 2, 2, 1, 1, 2, 3, 2, 1, 2, 1, 1, 2, 1, 2, 2, 1, 1, 2, 2, 1, 2, 2, 1, 0, 1, 1, 0, 1, 0, 1, 2, 1, 0, 1, 0, 1, 2, 1, 0, 1, 2, 1, 1, 1, 1, 0, 1, 0, 1, 1, 0, 1, 1, 0, 1, 1, 1, 2, 1, 0, 1, 2, 2, 1, 0, 1, 1, 1, 0, 1, 1, 1, 1, 1, 1, 0, 1, 2, 2, 1, 0, 1, 0, 1, 1, 1, 2, 1, 1, 1, 1, 2, 1, 0, 1, 1, 1, 0, 1, 2, 1, 2, 1, 2, 1, 2, 1, 0, 1, 1, 2, 1, 0, 1, 1, 2, 1, 1, 2, 1, 2, 1, 1, 2, 1, 0, 1, 1, 2, 1, 1, 1, 2, 1, 0, 1, 1, 0, 1, 2, 1, 1, 0, 1, 1, 2, 2, 1, 1, 2, 1, 1, 0, 1, 2, 2, 1, 0, 1, 1, 2, 2, 1, 1, 2, 1, 1, 2, 1, 1, 1, 0, 1, 2, 2, 1, 1, 2, 2, 3, 2, 2, 3, 0, 3, 2, 3, 3, 3, 2, 2, 2, 2, 3, 3, 2, 2, 3, 3, 0, 0, 3, 3, 0, 1, 0, 0, 0, 3, 0, 3, 0, 3, 0, 0, 3, 3, 0, 3, 2, 3, 3, 3, 0, 3, 3, 3, 2, 3, 0, 3, 3, 2, 3, 0, 0, 3, 2, 2, 3, 0, 3, 2, 3, 0, 3, 0, 3, 2, 3, 2, 1, 2, 2, 1, 2, 2, 3, 2, 2, 3, 3, 0, 0, 3, 3, 3, 0, 3, 3, 0, 0, 3, 3, 3, 0, 3, 3, 2, 3, 0, 0, 3, 2, 3, 3, 0, 3, 3, 0, 0, 3, 2, 3, 3, 0, 3, 2, 3, 3, 0, 3, 3, 3, 3, 0, 3, 0, 3, 3, 3, 3, 2, 3, 0, 3, 2, 2, 2, 1, 0, 1, 1, 2, 2, 1, 2, 1, 1, 2, 1, 2, 1, 2, 1, 0, 1, 0, 1, 2, 1, 1, 0, 1, 2, 1, 1, 1, 2, 1, 1, 1, 1, 1, 2, 1, 2, 1, 0, 1, 2, 1, 2, 1, 2, 1, 2, 1, 0, 1, 2, 2, 1, 1, 0, 1, 2, 2, 1, 1, 2, 1, 1, 2, 1, 1, 2, 1, 2, 1, 1, 1, 1, 2, 1, 0, 1, 2, 1, 2, 1, 2, 2, 3, 2, 1, 1, 2, 1, 1, 1, 2, 2, 1, 0, 1, 0, 1, 2, 1, 1, 2, 1, 2, 1, 2, 2, 1, 1, 2, 2, 1, 0, 1, 1, 1, 1, 2, 1, 2, 1, 2, 2, 3, 2, 1, 2, 1, 2, 1, 0, 1, 2, 1, 1, 0, 1, 2, 2, 1, 1, 1, 2, 1, 0, 1, 2, 1, 2, 1, 1, 1, 2, 1, 1, 2, 2, 1, 0, 1, 2, 1, 2, 1, 1, 1, 2, 1, 2, 2, 1, 1, 1, 0, 1, 2, 1, 2, 1, 2, 2, 3, 2, 3, 2, 3, 2, 3, 3, 3, 2, 3, 2, 2, 3, 2, 2, 3, 2, 3, 3, 0, 3, 0, 0, 0, 0, 3, 0, 1, 0, 3, 0, 3, 0, 3, 0, 0, 3, 0, 1, 0, 3, 3, 3, 3, 2, 3, 3, 0, 0, 3, 3, 3, 3, 3, 0, 3, 0, 3, 3, 3, 3, 3, 3, 2, 1, 2, 2, 2, 1, 1, 2, 3, 2, 2, 3, 3, 3, 0, 3, 0, 3, 2, 3, 2, 3, 0, 3, 3, 0, 3, 0, 1, 0, 3, 3, 0, 0, 3, 0, 0, 3, 0, 3, 0, 1, 0, 3, 3, 0, 3, 0, 3, 0, 3, 0, 3, 0, 3, 3, 3, 0, 3, 0, 3, 3, 0, 3, 0, 3, 0, 3, 0, 0, 3, 3, 3, 0, 0, 3, 3, 0, 3, 0, 3, 0, 3, 3, 0, 0, 3, 3, 3, 2, 2, 1, 2, 2, 2, 1, 2, 1, 2, 2, 1, 2, 1, 2, 2, 1, 2, 1, 2, 2, 2, 1, 2, 3, 2, 1, 1, 2, 2, 3, 2, 1, 2, 1, 2, 3, 2, 2, 2, 2, 2, 2, 3, 2, 1, 2, 3, 2, 1, 2, 3, 2, 2, 2, 2, 2, 2, 2, 2, 1, 2, 3, 2, 2, 2, 2, 2, 2, 3, 2, 2, 3, 3, 2, 1, 2, 3, 2, 3, 2, 2, 3, 3, 2, 2, 3, 0, 3, 2, 2, 3, 3, 3, 2, 3, 2, 3, 3, 3, 3, 2, 3, 3, 3, 3, 3, 2, 3, 3, 2, 3, 3, 2, 3, 3, 2, 3, 3, 0, 3, 2, 3, 2, 3, 3, 3, 2, 3, 0, 3, 3, 2, 3, 0, 3, 2, 3, 0, 3, 3, 3, 0, 3, 3, 3, 3, 0, 3, 2, 3, 0, 3, 0, 3, 3, 3, 3, 2, 2, 1, 2, 2, 1, 1, 2, 1, 2, 1, 2, 1, 2, 1, 2, 2, 1, 2, 1, 2, 1, 1, 2, 1, 2, 1, 1, 2, 2, 1, 2, 1, 2, 1, 1, 2, 1, 2, 1, 2, 1, 0, 1, 2, 1, 0, 1, 2, 1, 1, 1, 2, 1, 1, 2, 1, 2, 3, 2, 1, 2, 2, 3, 2, 2, 3, 2, 3, 2, 1, 1, 2, 2, 1, 2, 3, 2, 1, 2, 1, 2, 1, 2, 3, 2, 1, 2, 1, 2, 1, 2, 2, 3, 2, 1, 2, 2, 1, 0, 1, 2, 1, 2, 1, 2, 1, 1, 2, 1, 2, 1, 1, 0, 0, 1, 0, 1, 1, 2, 1, 2, 1, 1, 2, 3, 2, 2, 3, 3, 2, 2, 3, 2, 3, 2, 3, 2, 2, 2, 3, 2, 3, 2, 3, 2, 2, 3, 0, 3, 0, 3, 3, 0, 1, 0, 3, 0, 1, 0, 0, 3, 0, 3, 3, 0, 3, 0, 3, 0, 3, 3, 0, 0, 3, 0, 0, 3, 0, 3, 0, 0, 3, 3, 0, 1, 0, 3, 0, 3, 0, 0, 3, 3, 0, 1, 0, 0, 3, 0, 3, 2, 3, 2, 3, 0, 3, 3, 0, 0, 3, 0, 3, 0, 0, 0, 3, 0, 3, 0, 0, 3, 2, 3, 3, 3, 0, 3, 0, 0, 0, 0, 3, 0, 1, 0, 3, 3, 0, 0, 3, 3, 2, 3, 0, 3, 0, 3, 3, 0, 0, 0, 0, 0, 3, 3, 3, 0, 0, 0, 3, 0, 3, 3, 0, 0, 0, 3, 0, 3, 0, 3, 3, 0, 0, 3, 3, 0, 3, 3, 0, 0, 0, 3, 0, 3, 0, 3, 3, 0, 0, 3, 0, 0, 3, 0, 0, 0, 3, 0, 0, 1, 0, 3, 3, 0, 1, 0, 0, 3, 0, 3, 0, 0, 3, 3, 0, 3, 0, 3, 2, 3, 2, 1, 2, 2, 2, 1, 2, 2, 2, 1, 2, 2, 1, 1, 2, 2, 2, 1, 2, 3, 2, 1, 2, 2, 1, 2, 2, 1, 1, 2, 3, 2, 1, 2, 1, 2, 1, 1, 2, 1, 1, 2, 1, 2, 1, 2, 3, 2, 2, 3, 3, 2, 2, 3, 3, 2, 2, 2, 2, 2, 3, 2, 1, 1, 2, 3, 2, 2, 1, 2, 3, 2, 1, 2, 2, 1, 2, 2, 3, 2, 1, 2, 2, 1, 2, 1, 1, 2, 3, 2, 1, 2, 1, 1, 1, 2, 1, 2, 1, 1, 2, 3, 2, 3, 2, 3, 3, 2, 3, 2, 3, 2, 3, 3, 3, 0, 3, 0, 3, 0, 1, 0, 3, 0, 0, 3, 3, 0, 0, 3, 0, 3, 0, 1, 0, 3, 0, 0, 0, 3, 0, 3, 0, 0, 3, 0, 1, 0, 0, 3, 3, 0, 0, 1, 0, 0, 3, 0, 3, 0, 1, 0, 3, 0, 1, 0, 0, 3, 3, 0, 3, 0, 1, 0, 3, 3, 0, 0, 3, 3, 3, 0, 3, 0, 0, 1, 0, 0, 3, 0, 1, 0, 0, 0, 3, 3, 3, 0, 3, 0, 0, 0, 1, 0, 3, 0, 0, 1, 0, 3, 0, 0, 3, 0, 1, 0, 0, 0, 3, 0, 0, 0, 0, 0, 1, 0, 3, 0, 3, 0, 1, 0, 3, 0, 3, 0, 0, 0, 0, 3, 0, 1, 0, 0, 0, 0, 0, 0, 0, 0, 0, 0, 0, 1, 0, 3, 0, 1, 0, 0, 1, 0, 1, 0, 0, 3, 3, 3, 3, 3, 0, 3, 0, 3, 2, 3, 0, 0, 3, 3, 0, 3, 0, 3, 2, 3, 2, 3, 3, 2, 3, 2, 3, 2, 3, 2, 3, 3, 2, 3, 2, 2, 3, 0, 3, 2, 3, 3, 2, 3, 2, 3, 0, 3, 3, 2, 3, 0, 3, 2, 3, 3, 0, 3, 2, 3, 0, 3, 3, 3, 3, 3, 3, 3, 2, 3, 0, 3, 0, 3, 0, 0, 3, 3, 2, 3, 2, 3, 0, 3, 3, 0, 3, 0, 1, 0, 0, 0, 1, 0, 3, 3, 3, 2, 3, 0, 3, 0, 3, 0, 3, 3, 2, 3, 3, 3, 2, 3, 3, 0, 0, 3, 2, 3, 3, 3, 0, 3, 0, 3, 3, 3, 0, 0, 3, 3, 3, 0, 0, 3, 3, 0, 1, 0, 3, 3, 0, 3, 0, 3, 2, 3, 2, 3, 0, 3, 0, 3]
BWT          : [1, 0, 0, 0, 0, 0, 0, 3, 3, 3, 0, 0, 3, 3, 3, 0, 0, 1, 3, 0, 0, 1, 1, 1, 3, 3, 0, 0, 0, 3, 3, 3, 1, 3, 3, 3, 1, 3, 0, 1, 1, 0, 3, 1, 3, 0, 3, 3, 3, 1, 1, 1, 1, 3, 3, 1, 1, 1, 1, 1, 1, 0, 3, 0, 3, 0, 3, 1, 3, 0, 1, 1, 1, 1, 3, 1, 1, 1, 1, 1, 1, 1, 1, 1, 0, 3, 0, 3, 3, 0, 3, 3, 3, 0, 3, 3, 1, 0, 3, 1, 3, 3, 0, 0, 3, 0, 3, 0, 0, 3, 1, 3, 1, 3, 0, 1, 0, 0, 3, 1, 0, 3, 1, 3, 3, 3, 3, 3, 3, 3, 1, 0, 0, 3, 3, 3, 3, 3, 3, 1, 3, 3, 3, 3, 3, 3, 3, 0, 3, 3, 0, 3, 3, 3, 3, 1, 3, 3, 3, 3, 0, 3, 0, 3, 1, 3, 1, 0, 1, 1, 0, 0, 1, 1, 0, 3, 0, 3, 0, 1, 3, 3, 3, 3, 1, 1, 0, 0, 0, 1, 1, 0, 0, 0, 1, 1, 0, 0, 1, 1, 0, 1, 0, 1, 0, 1, 1, 1, 1, 0, 1, 0, 1, 3, 0, 1, 0, 3, 0, 3, 3, 0, 3, 3, 3, 3, 0, 3, 0, 3, 0, 3, 3, 3, 0, 3, 3, 0, 3, 1, 0, 0, 3, 0, 0, 0, 0, 0, 0, 1, 1, 0, 1, 1, 1, 1, 1, 1, 0, 1, 1, 1, 0, 1, 1, 1, 0, 1, 1, 0, 1, 1, 1, 1, 1, 1, 1, 1, 1, 1, 1, 1, 1, 1, 1, 1, 1, 1, 1, 1, 1, 1, 1, 0, 1, 1, 1, 1, 1, 1, 1, 1, 1, 1, 1, 1, 1, 1, 1, 1, 1, 1, 0, 3, 3, 3, 3, 0, 0, 3, 1, 3, 0, 3, 3, 0, 3, 1, 1, 0, 0, 0, 0, 3, 3, 1, 3, 0, 3, 0, 0, 3, 0, 3, 1, 3, 3, 3, 3, 3, 3, 3, 0, 3, 0, 0, 1, 3, 1, 0, 1, 3, 3, 3, 3, 0, 0, 1, 3, 0, 3, 3, 0, 0, 1, 0, 3, 3, 3, 1, 0, 3, 0, 1, 0, 0, 3, 3, 3, 1, 0, 3, 0, 1, 0, 3, 1, 0, 3, 1, 3, 3, 0, 0, 3, 0, 3, 0, 3, 3, 3, 3, 3, 3, 0, 3, 3, 3, 0, 3, 3, 3, 1, 3, 3, 3, 0, 1, 3, 0, 3, 3, 3, 3, 3, 3, 3, 3, 0, 3, 3, 3, 3, 3, 3, 3, 3, 3, 3, 3, 0, 3, 3, 3, 3, 3, 0, 0, 3, 3, 0, 0, 3, 3, 3, 0, 3, 3, 1, 0, 0, 0, 3, 3, 3, 1, 3, 0, 3, 3, 3, 1, 1, 3, 3, 0, 1, 0, 3, 3, 0, 0, 0, 3, 3, 3, 0, 3, 1, 3, 0, 0, 1, 0, 0, 0, 3, 3, 0, 3, 3, 3, 0, 3, 0, 0, 0, 3, 0, 0, 3, 3, 0, 0, 3, 0, 1, 3, 3, 3, 3, 3, 3, 1, 1, 0, 0, 3, 3, 0, 1, 0, 0, 0, 0, 0, 0, 1, 1, 0, 0, 0, 2, 0, 1, 1, 1, 1, 2, 0, 1, 0, 1, 0, 0, 0, 0, 1, 1, 1, 0, 2, 2, 0, 0, 0, 0, 0, 0, 0, 0, 0, 0, 2, 1, 1, 2, 0, 0, 0, 0, 0, 0, 0, 0, 0, 0, 1, 0, 2, 1, 2, 0, 2, 2, 1, 0, 0, 1, 2, 0, 1, 0, 2, 2, 2, 0, 0, 1, 2, 1, 0, 1, 2, 2, 1, 2, 0, 2, 1, 2, 2, 0, 0, 2, 0, 1, 1, 0, 2, 2, 1, 0, 2, 0, 0, 2, 2, 2, 1, 2, 0, 2, 1, 2, 2, 1, 1, 2, 1, 2, 2, 1, 1, 1, 0, 0, 0, 0, 0, 0, 0, 0, 0, 0, 0, 0, 0, 0, 0, 0, 0, 1, 0, 0, 0, 0, 0, 0, 0, 0, 0, 0, 1, 0, 0, 0, 0, 2, 1, 0, 0, 0, 0, 0, 0, 1, 1, 0, 0, 2, 0, 1, 0, 1, 0, 2, 1, 0, 2, 2, 1, 1, 1, 2, 2, 2, 1, 1, 1, 2, 1, 1, 0, 1, 2, 0, 2, 1, 2, 0, 0, 1, 2, 2, 1, 0, 1, 0, 0, 2, 2, 2, 2, 1, 1, 0, 1, 2, 1, 2, 1, 0, 2, 0, 2, 2, 2, 1, 1, 2, 2, 2, 1, 2, 0, 2, 2, 2, 2, 0, 1, 1, 1, 2, 0, 1, 1, 1, 2, 0, 2, 1, 1, 0, 2, 2, 0, 2, 1, 2, 2, 0, 2, 1, 1, 1, 1, 2, 1, 2, 2, 1, 2, 0, 1, 2, 2, 2, 2, 2, 1, 2, 1, 2, 1, 2, 2, 2, 2, 1, 2, 1, 0, 2, 0, 0, 1, 1, 2, 0, 2, 2, 2, 2, 2, 2, 2, 2, 2, 2, 2, 2, 2, 2, 2, 2, 2, 2, 2, 2, 1, 2, 1, 0, 2, 1, 1, 2, 1, 1, 2, 2, 0, 0, 0, 1, 2, 1, 1, 2, 2, 0, 0, 0, 2, 1, 0, 1, 2, 1, 0, 1, 2, 1, 2, 1, 0, 0, 0, 2, 2, 2, 2, 2, 1, 1, 1, 2, 1, 1, 1, 2, 2, 1, 1, 2, 2, 2, 2, 0, 1, 2, 2, 1, 1, 2, 2, 0, 2, 1, 2, 2, 2, 2, 2, 2, 2, 1, 2, 1, 0, 0, 1, 1, 0, 0, 0, 0, 1, 2, 2, 2, 2, 1, 0, 1, 1, 1, 2, 1, 2, 1, 2, 0, 0, 0, 1, 1, 2, 2, 1, 2, 2, 0, 1, 2, 0, 2, 1, 1, 2, 1, 2, 2, 2, 2, 1, 1, 2, 2, 2, 2, 2, 2, 2, 1, 1, 2, 2, 2, 1, 2, 0, 1, 2, 0, 1, 1, 0, 1, 1, 2, 2, 0, 2, 0, 0, 1, 1, 0, 2, 1, 2, 2, 2, 1, 0, 1, 2, 1, 2, 2, 1, 2, 2, 1, 1, 2, 2, 2, 2, 1, 2, 2, 2, 2, 2, 2, 2, 1, 2, 1, 2, 2, 2, 2, 2, 1, 1, 2, 2, 1, 1, 2, 2, 2, 2, 1, 1, 1, 1, 2, 2, 1, 2, 2, 2, 2, 2, 2, 2, 1, 1, 2, 2, 2, 2, 1, 2, 1, 2, 2, 1, 2, 2, 2, 2, 1, 1, 2, 1, 2, 1, 1, 2, 2, 1, 2, 1, 2, 1, 1, 1, 2, 2, 2, 1, 1, 1, 1, 1, 1, 2, 2, 2, 1, 1, 1, 1, 2, 1, 1, 1, 1, 1, 1, 1, 2, 1, 1, 2, 1, 1, 2, 1, 1, 1, 1, 1, 2, 1, 1, 1, 1, 1, 1, 1, 1, 1, 1, 1, 2, 1, 2, 1, 3, 1, 2, 2, 1, 1, 1, 1, 1, 1, 1, 1, 2, 1, 1, 1, 1, 1, 1, 2, 2, 2, 1, 3, 1, 2, 1, 3, 2, 1, 3, 3, 2, 2, 2, 1, 2, 2, 1, 3, 2, 1, 2, 1, 1, 1, 1, 1, 1, 1, 1, 1, 1, 1, 1, 1, 1, 1, 1, 3, 1, 1, 1, 1, 1, 2, 1, 1, 3, 1, 1, 3, 2, 1, 1, 1, 1, 1, 1, 3, 1, 3, 1, 2, 2, 2, 1, 1, 1, 1, 1, 1, 3, 3, 1, 1, 2, 2, 3, 2, 1, 1, 1, 1, 1, 1, 3, 1, 3, 3, 2, 3, 2, 1, 2, 1, 1, 2, 2, 3, 1, 1, 1, 3, 1, 3, 3, 1, 1, 3, 2, 2, 3, 1, 2, 1, 3, 2, 1, 1, 1, 2, 3, 2, 1, 2, 1, 2, 2, 2, 2, 1, 3, 1, 2, 3, 1, 2, 2, 1, 3, 3, 1, 2, 1, 1, 2, 1, 1, 1, 1, 1, 1, 1, 2, 1, 1, 1, 1, 1, 1, 1, 1, 2, 1, 1, 1, 1, 2, 1, 1, 1, 1, 1, 1, 3, 1, 1, 3, 2, 1, 1, 1, 1, 2, 2, 1, 1, 1, 1, 3, 2, 1, 3, 2, 2, 1, 1, 1, 2, 1, 2, 3, 2, 2, 2, 3, 1, 1, 3, 2, 2, 1, 3, 1, 1, 1, 2, 1, 1, 1, 2, 2, 1, 1, 3, 2, 2, 1, 2, 2, 2, 3, 3, 3, 3, 2, 2, 1, 2, 2, 2, 2, 3, 2, 2, 2, 2, 3, 3, 2, 3, 3, 3, 3, 3, 3, 1, 2, 1, 1, 1, 1, 1, 2, 1, 3, 1, 1, 3, 1, 2, 3, 2, 3, 3, 2, 1, 3, 3, 3, 3, 3, 3, 3, 2, 3, 2, 3, 3, 3, 3, 3, 3, 2, 3, 3, 3, 3, 3, 3, 2, 3, 3, 2, 2, 3, 3, 3, 3, 2, 2, 3, 3, 3, 3, 3, 3, 3, 3, 3, 3, 2, 3, 3, 1, 1, 2, 1, 1, 2, 1, 1, 1, 1, 2, 2, 2, 2, 1, 1, 3, 3, 1, 1, 2, 1, 3, 1, 1, 1, 1, 3, 2, 1, 1, 1, 3, 2, 3, 3, 3, 2, 3, 2, 2, 2, 2, 3, 1, 1, 1, 3, 1, 3, 3, 3, 3, 3, 3, 3, 3, 2, 2, 3, 3, 3, 3, 1, 3, 2, 1, 2, 2, 3, 3, 2, 3, 1, 3, 3, 2, 3, 3, 3, 3, 3, 3, 3, 3, 2, 2, 3, 3, 3, 3, 3, 3, 3, 1, 1, 2, 2, 2, 2, 2, 2, 2, 2, 3, 3, 2, 3, 3, 3, 3, 3, 3, 3, 2, 3, 3, 3, 3, 3, 2, 3, 3, 3, 0, 3, 3, 0, 0, 0, 0, 0, 0, 0, 0, 0, 3, 3, 3, 0, 0, 3, 0, 3, 0, 0, 3, 0, 0, 3, 0, 0, 0, 0, 3, 0, 3, 0, 3, 3, 0, 0, 0, 0, 3, 0, 3, 0, 3, 0, 2, 0, 3, 2, 0, 3, 2, 0, 3, 0, 0, 3, 0, 3, 0, 2, 0, 3, 3, 0, 3, 0, 3, 3, 3, 3, 3, 0, 0, 0, 3, 0, 0, 0, 3, 3, 0, 0, 0, 0, 0, 3, 0, 0, 3, 3, 0, 0, 0, 0, 0, 0, 0, 3, 0, 0, 0, 3, 3, 3, 3, 0, 0, 3, 0, 0, 0, 0, 0, 3, 0, 0, 0, 3, 0, 0, 0, 0, 3, 0, 0, 0, 0, 0, 3, 3, 0, 0, 2, 3, 0, 0, 2, 0, 3, 0, 3, 3, 0, 3, 3, 2, 0, 3, 2, 3, 3, 3, 3, 2, 0, 0, 0, 0, 0, 2, 3, 0, 0, 3, 0, 2, 3, 3, 2, 2, 0, 2, 3, 2, 2, 3, 0, 0, 2, 0, 0, 0, 0, 3, 2, 3, 2, 3, 2, 0, 3, 0, 0, 0, 0, 2, 0, 3, 0, 3, 0, 0, 0, 0, 2, 2, 0, 0, 2, 3, 2, 2, 0, 0, 0, 2, 0, 2, 3, 2, 3, 3, 0, 0, 0, 2, 2, 2, 2, 2, 2, 2, 2, 2, 3, 2, 2, 2, 2, 2, 2, 3, 2, 2, 2, 2, 2, 2, 3, 2, 2, 2, 2, 2, 3, 2, 2, 2, 3, 3, 2, 2, 0, 2, 2, 2, 2, 2, 3, 3, 2, 2, 2, 2, 3, 0, 2, 2, 3, 2, 2, 3, 3, 2, 3, 2, 2, 3, 2, 2, 2, 2, 2, 2, 0, 3, 3, 0, 2, 3, 3, 0, 3, 0, 3, 2, 3, 2, 3, 2, 2, 2, 3, 3, 2, 0, 0, 3, 0, 2, 2, 0, 0, 2, 2, 2, 2, 2, 3, 3, 2, 0, 0, 2, 0, 0, 3, 0, 3, 2, 2, 2, 3, 2, 2, 3, 3, 2, 3, 2, 2, 0, 2, 2, 0, 2, 3, 3, 3, 2, 0, 3, 0, 0, 0, 2, 0, 2, 2, 3, 3, 3, 0, 2, 0, 0, 0, 2, 2, 3, 2, 3, 0, 0, 0, 0, 3, 0, 0, 0, 0, 0, 0, 0, 0, 0, 0, 0, 0, 2, 2, 3, 3, 0, 0, 3, 0, 2, 0, 0, 2, 0, 0, 0, 0, 0, 0, 0, 2, 3, 3, 0, 3, 0, 3, 0, 0, 0, 3, 3, 0, 0, 0, 0, 3, 0, 0, 3, 0, 3, 3, 3, 3, 3, 2, 2, 2, 0, 0, 2, 3, 3, 3, 2, 3, 2, 2, 3, 2, 3, 3, 2, 3, 2, 2, 2, 2, 2, 2, 0, 0, 3, 3, 0, 3, 0, 0, 3, 3, 0, 2, 3, 0, 2, 3, 2, 2, 2, 3, 3, 3, 2, 2, 2, 3, 0, 3, 0, 0, 0, 0, 2, 0, 0, 0, 3, 2, 3, 2, 0, 2, 3, 3, 3, 0, 0, 2, 0, 3, 3, 0, 2, 3, 0, 3, 0, 2, 2, 0, 2, 2, 3, 3, 3, 3, 3, 0, 3, 0, 3, 0, 3, 0, 0, 3, 2, 0, 0, 0, 3, 3, 2, 0, 3, 0]  (index=53)
Round-trip   : lossless

MTFT         : 
Iteraciones usadas: 1
Entropía de salida: 1.5133 bits/símbolo
Round-trip   : lossless

[Compresores] (entrada: cadena post-MTFT, 2192 símbolos)
Algoritmo       Tamaño (bytes)  Tasa de compresión  
-------------- -------------- ------------------
Huffman         472             0.2153               lossless  
ZIP             703             0.3207               lossless  
Aritmético      415             0.1893               lossless  
PPM             1336            0.6095               lossless  
=======================================================
F8 - 1325 símbolos

-------------------------------------------------------
--- F8 ---
Longitud     : 1325
Original     : [4, 3, 3, 1, 1, 3, 3, 2, 3, 4, 3, 3, 2, 3, 3, 2, 3, 3, 2, 2, 1, 3, 3, 1, 2, 2, 1, 2, 3, 3, 3, 1, 2, 2, 3, 5, 4, 4, 5, 3, 2, 3, 1, 1, 2, 3, 4, 3, 3, 1, 2, 2, 2, 2, 2, 2, 3, 1, 3, 2, 1, 3, 1, 2, 3, 1, 1, 2, 1, 2, 1, 1, 2, 1, 1, 1, 1, 2, 1, 1, 3, 3, 2, 3, 2, 3, 3, 2, 2, 2, 2, 3, 4, 5, 5, 4, 5, 3, 5, 4, 4, 4, 4, 4, 4, 4, 4, 4, 4, 5, 3, 4, 4, 4, 3, 3, 5, 3, 3, 5, 4, 4, 4, 4, 3, 4, 4, 5, 3, 4, 3, 5, 4, 3, 5, 4, 4, 3, 2, 2, 3, 4, 4, 5, 3, 4, 5, 4, 3, 2, 2, 1, 3, 5, 3, 3, 5, 3, 2, 3, 4, 5, 3, 5, 3, 3, 4, 5, 3, 3, 4, 5, 3, 4, 3, 3, 4, 4, 3, 5, 3, 3, 3, 3, 4, 3, 5, 3, 3, 2, 2, 1, 1, 1, 2, 1, 0, 7, 7, 6, 6, 7, 7, 0, 7, 7, 0, 7, 1, 0, 7, 0, 7, 1, 7, 0, 0, 7, 1, 0, 0, 0, 0, 1, 1, 1, 1, 1, 7, 7, 6, 7, 6, 7, 7, 7, 0, 7, 0, 7, 0, 7, 1, 7, 0, 7, 7, 0, 7, 0, 0, 7, 0, 0, 7, 1, 7, 0, 0, 1, 3, 3, 5, 3, 3, 2, 3, 4, 3, 3, 4, 4, 3, 5, 4, 3, 4, 4, 3, 4, 3, 3, 3, 3, 3, 4, 3, 3, 2, 3, 3, 3, 3, 3, 4, 3, 3, 3, 4, 3, 2, 3, 4, 4, 4, 3, 3, 3, 1, 2, 3, 3, 3, 5, 3, 4, 4, 4, 3, 2, 2, 1, 3, 4, 3, 3, 4, 4, 3, 3, 3, 3, 1, 1, 3, 3, 4, 4, 3, 4, 3, 3, 4, 3, 4, 3, 3, 4, 3, 3, 3, 3, 3, 2, 3, 3, 4, 5, 3, 4, 3, 2, 1, 1, 1, 0, 0, 1, 7, 1, 3, 1, 0, 1, 1, 0, 7, 7, 6, 5, 4, 5, 6, 7, 7, 6, 7, 7, 7, 5, 7, 0, 7, 1, 0, 7, 7, 7, 1, 7, 7, 7, 1, 7, 7, 7, 1, 1, 0, 1, 0, 7, 1, 7, 6, 7, 6, 6, 7, 5, 7, 5, 7, 7, 7, 6, 7, 7, 7, 7, 7, 7, 6, 7, 7, 7, 0, 7, 7, 7, 7, 6, 7, 0, 7, 7, 7, 7, 7, 1, 3, 2, 3, 3, 2, 2, 2, 3, 3, 1, 3, 2, 2, 2, 3, 2, 2, 3, 1, 3, 1, 2, 3, 1, 2, 2, 1, 1, 3, 2, 1, 2, 1, 2, 1, 2, 1, 2, 2, 2, 2, 1, 2, 2, 2, 1, 1, 2, 1, 1, 2, 1, 1, 1, 1, 7, 1, 1, 1, 0, 0, 0, 0, 0, 1, 7, 0, 0, 0, 0, 0, 0, 0, 1, 7, 1, 7, 1, 0, 0, 0, 0, 0, 1, 7, 7, 1, 7, 7, 1, 7, 0, 0, 7, 7, 0, 7, 7, 0, 7, 7, 0, 0, 7, 7, 7, 1, 2, 3, 2, 2, 3, 3, 3, 3, 3, 2, 3, 3, 2, 3, 4, 3, 3, 3, 2, 3, 3, 2, 2, 3, 3, 3, 3, 3, 2, 3, 5, 3, 3, 4, 3, 3, 3, 5, 3, 2, 3, 1, 1, 3, 3, 2, 1, 0, 7, 0, 0, 7, 7, 1, 3, 2, 2, 2, 2, 2, 3, 3, 2, 2, 2, 2, 3, 3, 1, 2, 2, 2, 3, 5, 3, 4, 3, 3, 3, 5, 3, 4, 4, 4, 3, 2, 1, 0, 1, 0, 1, 1, 2, 2, 1, 1, 1, 0, 7, 7, 5, 6, 6, 7, 0, 7, 6, 6, 7, 7, 5, 7, 7, 7, 6, 6, 7, 7, 5, 7, 6, 6, 7, 6, 6, 7, 5, 7, 7, 7, 1, 0, 7, 7, 6, 6, 6, 5, 7, 7, 7, 0, 7, 7, 6, 7, 5, 5, 7, 7, 6, 7, 6, 7, 1, 0, 7, 7, 5, 7, 6, 6, 6, 7, 7, 6, 7, 6, 7, 6, 7, 6, 6, 7, 6, 7, 7, 7, 7, 5, 7, 7, 6, 6, 6, 6, 7, 6, 6, 7, 5, 6, 7, 5, 5, 7, 7, 7, 6, 7, 7, 7, 5, 7, 0, 0, 1, 3, 1, 2, 2, 2, 3, 3, 2, 2, 2, 3, 2, 1, 3, 2, 1, 3, 3, 3, 2, 1, 3, 2, 2, 3, 2, 2, 3, 3, 3, 2, 2, 3, 2, 1, 0, 7, 0, 7, 1, 1, 3, 3, 1, 2, 1, 3, 2, 2, 3, 1, 2, 2, 3, 2, 2, 1, 3, 2, 3, 4, 3, 3, 1, 3, 5, 4, 4, 4, 3, 2, 1, 1, 0, 0, 1, 2, 2, 1, 2, 1, 7, 7, 6, 6, 6, 7, 6, 7, 6, 7, 7, 5, 7, 6, 6, 7, 6, 7, 7, 5, 6, 7, 5, 6, 5, 7, 6, 6, 7, 6, 5, 7, 6, 7, 7, 6, 7, 6, 5, 7, 6, 5, 7, 7, 7, 7, 5, 6, 6, 5, 7, 6, 6, 6, 7, 6, 6, 5, 5, 7, 6, 6, 6, 6, 6, 6, 5, 6, 6, 5, 7, 6, 7, 6, 6, 5, 6, 5, 6, 5, 5, 6, 6, 6, 7, 5, 7, 5, 5, 7, 5, 5, 6, 5, 7, 0, 7, 7, 7, 0, 7, 6, 7, 7, 0, 7, 7, 7, 1, 1, 1, 0, 1, 1, 0, 1, 0, 1, 1, 1, 7, 0, 0, 7, 0, 1, 7, 0, 0, 0, 0, 7, 1, 7, 0, 0, 7, 0, 0, 0, 1, 7, 7, 7, 6, 7, 0, 0, 7, 7, 5, 4, 5, 7, 0, 7, 1, 7, 7, 0, 7, 0, 1, 7, 6, 7, 0, 0, 0, 7, 7, 7, 7, 6, 7, 7, 6, 6, 7, 7, 5, 6, 7, 7, 5, 7, 5, 5, 3, 3, 4, 4, 5, 4, 4, 3, 3, 1, 1, 1, 2, 2, 3, 1, 2, 3, 3, 3, 3, 3, 3, 5, 3, 5, 4, 3, 5, 5, 4, 5, 4, 3, 3, 3, 3, 5, 3, 3, 4, 4, 3, 4, 3, 4, 3, 3, 4, 3, 3, 4, 3, 2, 3, 3, 5, 6, 5, 5, 5, 5, 5, 5, 5, 5, 4, 5, 5, 6, 5, 6, 7, 5, 6, 6, 7, 6, 5, 7, 7, 7, 7, 0, 0, 1, 1, 1, 7, 1, 1, 0, 0, 0, 0, 7, 0, 7, 7, 0, 7, 6, 6, 6, 5, 5, 5, 5, 5, 4, 3, 3, 3, 3, 3, 4, 5, 5, 4, 5, 5, 7, 0, 0, 7, 6, 7, 7, 5, 5, 5, 5, 5, 5, 3, 3, 5, 4, 5, 5, 6, 6, 6, 6, 5, 4, 5, 5, 5, 5, 3, 4, 3, 3, 2, 2, 2, 2, 3, 5, 5, 5, 5, 4, 5, 7, 7, 7, 7, 6, 7, 6, 5, 6, 5, 4, 5, 4, 4, 4, 3, 2, 3, 4, 3, 2, 2, 3, 1, 3, 1, 1, 1, 1, 1, 1, 1, 3, 1, 1, 3, 4, 3, 4, 5, 3, 3, 5, 3, 4, 3, 4, 4, 3, 4, 4, 5, 4, 5, 5, 5, 5, 5, 4, 5, 5, 5, 5, 7, 6, 6, 6, 7, 7, 6, 6, 7, 7, 5, 7, 7, 5, 7, 7, 6, 7, 6, 7, 6, 6, 7, 5, 4, 5, 6, 6, 7, 5, 5, 7, 6, 5, 6, 6, 6, 7, 6, 7, 0, 7, 7, 7, 7, 1, 0, 7, 1, 0, 0, 7, 6, 5, 5, 4, 4, 5, 6, 6, 6, 5, 5, 5]
BWT          : [7, 0, 1, 0, 1, 1, 0, 0, 0, 1, 7, 0, 0, 0, 0, 7, 0, 0, 7, 0, 7, 1, 7, 7, 0, 1, 0, 0, 0, 7, 7, 7, 0, 7, 7, 0, 1, 7, 7, 7, 7, 7, 0, 1, 1, 1, 1, 1, 0, 1, 0, 1, 0, 0, 0, 0, 7, 0, 0, 7, 0, 0, 0, 7, 0, 1, 0, 7, 7, 1, 1, 7, 0, 0, 1, 7, 7, 7, 0, 0, 7, 7, 1, 7, 0, 7, 7, 7, 0, 7, 7, 7, 7, 7, 0, 0, 0, 1, 1, 1, 1, 1, 7, 7, 7, 0, 1, 7, 7, 0, 7, 1, 7, 7, 1, 1, 1, 7, 1, 2, 1, 1, 3, 0, 0, 2, 2, 7, 7, 0, 1, 7, 1, 7, 2, 7, 1, 7, 2, 1, 0, 7, 1, 1, 0, 7, 2, 7, 2, 3, 1, 1, 0, 2, 1, 2, 1, 2, 1, 3, 1, 0, 0, 1, 1, 1, 2, 2, 2, 1, 3, 0, 1, 3, 1, 2, 7, 3, 2, 3, 3, 3, 1, 1, 1, 1, 1, 1, 1, 2, 1, 1, 1, 2, 2, 2, 3, 2, 1, 3, 0, 3, 2, 2, 3, 3, 3, 1, 3, 3, 3, 3, 7, 2, 3, 3, 1, 7, 3, 1, 0, 2, 3, 1, 3, 2, 7, 3, 2, 2, 7, 2, 1, 2, 1, 1, 1, 2, 1, 0, 2, 1, 2, 3, 0, 0, 7, 7, 1, 7, 7, 7, 7, 1, 1, 0, 0, 0, 7, 7, 7, 0, 2, 1, 7, 7, 0, 3, 3, 3, 1, 3, 3, 2, 1, 1, 2, 1, 1, 2, 2, 1, 1, 3, 1, 1, 2, 2, 1, 2, 3, 3, 1, 3, 2, 2, 3, 2, 2, 1, 1, 3, 2, 1, 1, 2, 1, 3, 3, 3, 3, 1, 2, 1, 1, 2, 3, 2, 3, 2, 3, 3, 2, 3, 3, 2, 3, 2, 1, 2, 1, 2, 3, 1, 3, 3, 2, 3, 2, 1, 2, 3, 2, 2, 2, 2, 3, 3, 3, 3, 2, 2, 1, 2, 1, 3, 3, 1, 2, 2, 2, 2, 2, 2, 2, 2, 2, 2, 1, 3, 2, 2, 3, 2, 3, 2, 3, 3, 3, 3, 1, 2, 2, 2, 1, 3, 1, 3, 3, 3, 1, 3, 3, 3, 3, 3, 2, 3, 2, 3, 2, 2, 2, 1, 1, 3, 2, 2, 2, 3, 3, 1, 3, 2, 3, 3, 1, 3, 2, 3, 1, 1, 2, 3, 2, 2, 2, 3, 3, 4, 3, 2, 4, 4, 1, 1, 2, 3, 1, 3, 2, 3, 4, 4, 1, 3, 3, 3, 3, 1, 3, 1, 4, 2, 3, 1, 2, 2, 3, 4, 5, 5, 3, 3, 2, 1, 3, 3, 3, 3, 3, 4, 4, 1, 3, 3, 3, 4, 5, 3, 4, 4, 3, 1, 1, 4, 2, 3, 3, 2, 4, 1, 3, 5, 2, 2, 2, 4, 2, 2, 3, 2, 1, 2, 3, 4, 3, 4, 3, 1, 2, 5, 3, 3, 2, 4, 1, 2, 4, 3, 3, 3, 4, 3, 3, 3, 2, 4, 2, 2, 4, 2, 4, 3, 3, 3, 5, 3, 4, 3, 4, 3, 3, 3, 3, 4, 3, 4, 2, 3, 4, 3, 3, 4, 3, 5, 4, 4, 3, 4, 1, 5, 4, 4, 5, 5, 2, 5, 3, 3, 5, 1, 3, 4, 5, 3, 3, 3, 5, 5, 2, 5, 2, 3, 3, 2, 2, 5, 2, 3, 2, 3, 4, 3, 3, 5, 3, 4, 4, 4, 1, 5, 2, 3, 4, 5, 1, 3, 5, 3, 4, 3, 3, 4, 3, 3, 5, 5, 2, 5, 4, 2, 3, 4, 3, 4, 3, 3, 2, 5, 2, 3, 3, 3, 4, 3, 4, 2, 3, 5, 1, 3, 2, 3, 3, 3, 3, 4, 4, 5, 4, 1, 3, 5, 2, 3, 4, 2, 3, 4, 4, 3, 4, 5, 3, 4, 3, 4, 3, 4, 5, 3, 3, 3, 3, 3, 4, 3, 4, 3, 3, 5, 5, 3, 3, 3, 3, 3, 3, 3, 3, 3, 3, 4, 4, 3, 3, 4, 4, 5, 3, 4, 4, 3, 3, 4, 4, 3, 5, 5, 4, 4, 4, 5, 4, 5, 4, 3, 4, 3, 3, 3, 4, 3, 3, 3, 3, 5, 3, 5, 3, 3, 4, 5, 5, 4, 4, 4, 4, 4, 4, 4, 5, 3, 4, 3, 3, 3, 5, 4, 3, 3, 3, 3, 4, 4, 4, 3, 5, 3, 5, 4, 5, 4, 3, 3, 5, 5, 5, 5, 5, 5, 4, 5, 5, 5, 5, 4, 3, 3, 3, 3, 3, 3, 3, 5, 3, 4, 3, 4, 3, 5, 4, 5, 3, 4, 3, 4, 3, 3, 4, 4, 4, 3, 4, 4, 5, 5, 4, 3, 3, 3, 3, 4, 3, 4, 3, 3, 3, 5, 5, 5, 6, 6, 4, 5, 5, 3, 5, 7, 6, 7, 5, 7, 5, 5, 5, 5, 6, 4, 3, 5, 5, 4, 5, 5, 5, 6, 5, 5, 5, 5, 5, 4, 5, 5, 5, 3, 5, 6, 4, 5, 7, 5, 5, 6, 4, 5, 4, 7, 4, 6, 4, 7, 7, 6, 5, 7, 7, 6, 3, 6, 6, 5, 5, 7, 7, 6, 4, 5, 5, 6, 7, 4, 7, 7, 7, 6, 7, 4, 7, 5, 7, 4, 6, 7, 5, 7, 7, 5, 6, 5, 6, 5, 7, 6, 7, 7, 6, 6, 7, 7, 5, 7, 6, 7, 7, 5, 7, 6, 6, 4, 5, 6, 7, 7, 6, 6, 5, 5, 6, 7, 5, 6, 6, 7, 5, 5, 7, 6, 5, 6, 7, 6, 7, 7, 6, 6, 6, 7, 7, 6, 5, 5, 6, 6, 5, 7, 6, 7, 5, 6, 6, 7, 7, 5, 7, 6, 5, 7, 7, 7, 5, 7, 5, 7, 6, 7, 7, 7, 5, 6, 6, 7, 6, 6, 7, 7, 7, 7, 7, 7, 7, 6, 6, 7, 7, 6, 7, 7, 7, 6, 6, 7, 5, 5, 5, 6, 6, 6, 6, 7, 7, 6, 6, 6, 7, 7, 6, 7, 6, 7, 6, 7, 7, 7, 7, 6, 6, 7, 7, 6, 6, 7, 7, 7, 6, 5, 6, 7, 6, 6, 7, 6, 7, 6, 5, 7, 7, 7, 7, 7, 7, 1, 1, 0, 6, 7, 5, 1, 1, 0, 1, 1, 0, 5, 1, 0, 6, 7, 0, 0, 7, 7, 7, 0, 7, 5, 0, 0, 0, 5, 7, 6, 7, 7, 1, 7, 0, 7, 7, 5, 7, 6, 7, 6, 1, 0, 0, 0, 7, 6, 7, 0, 1, 7, 1, 7, 0, 7, 1, 7, 7, 0, 0, 0, 7, 0, 1, 0, 0, 7, 7, 7, 6, 7, 5, 7, 5, 5, 6, 6, 6, 6, 7, 7, 6, 6, 7, 7, 7, 7, 7, 6, 6, 7, 7, 7, 7, 7, 7, 6, 7, 5, 7, 0, 6, 5, 6, 6, 6, 5, 6, 6, 0, 7, 5, 7, 5, 7, 5, 5, 6, 6, 6, 6, 5, 5, 5, 6, 7, 7, 7, 7, 0, 1, 7, 6, 7, 6, 7, 7, 7, 5, 6, 1, 6, 7, 7, 6, 7, 6, 7, 0, 0, 6, 6, 7, 5, 6, 7, 7, 7, 6, 7, 7, 0, 0, 1, 7, 0, 0, 7, 0, 6, 0, 7, 6, 7, 7, 7, 7, 7, 7, 0, 7, 1, 1, 7, 7, 0, 6, 7, 0, 6, 6, 7, 7, 6, 0, 6, 6, 6, 7, 5, 6, 0, 0, 5, 1, 0, 6, 7, 6, 7, 7, 0, 7, 6, 5, 5, 6, 1, 7, 7, 7, 6, 7, 7, 6, 0, 5, 6, 7, 5, 1, 0, 0, 7, 1, 0, 7, 6, 6, 7, 5, 1, 7, 7, 7, 7, 5, 5, 5, 0, 7, 5, 6, 0, 5, 0, 7, 0, 7, 6]  (index=670)
Round-trip   : lossless

MTFT         : 
Iteraciones usadas: 1
Entropía de salida: 2.1409 bits/símbolo
Round-trip   : lossless

[Compresores] (entrada: cadena post-MTFT, 1325 símbolos)
Algoritmo       Tamaño (bytes)  Tasa de compresión  
-------------- -------------- ------------------
Huffman         372             0.2808               lossless  
ZIP             607             0.4581               lossless  
Aritmético      355             0.2679               lossless  
PPM             2103            1.5872               lossless  
=======================================================
VCC - 2192 símbolos

-------------------------------------------------------
--- VCC ---
Longitud     : 2192
Original     : [1, 0, 1, 2, 1, 2, 1, 2, 1, 0, 0, 0, 2, 0, 0, 1, 2, 0, 1, 0, 0, 1, 2, 1, 0, 2, 1, 1, 0, 2, 2, 1, 2, 1, 1, 0, 2, 2, 1, 2, 0, 1, 0, 2, 1, 0, 2, 2, 1, 1, 0, 2, 0, 0, 0, 2, 1, 0, 1, 2, 2, 0, 1, 0, 1, 2, 0, 0, 2, 0, 1, 2, 1, 1, 2, 0, 0, 1, 2, 0, 1, 2, 0, 0, 1, 0, 2, 2, 1, 0, 1, 0, 2, 2, 1, 1, 2, 1, 2, 0, 0, 1, 2, 1, 2, 0, 0, 0, 1, 2, 2, 1, 2, 0, 1, 0, 2, 0, 1, 2, 0, 1, 0, 2, 0, 1, 0, 2, 0, 1, 2, 0, 0, 2, 1, 0, 0, 2, 1, 0, 2, 1, 1, 2, 2, 1, 2, 1, 1, 2, 0, 2, 1, 0, 2, 2, 1, 2, 1, 1, 2, 2, 1, 2, 0, 1, 0, 2, 1, 2, 1, 2, 1, 2, 1, 1, 2, 2, 1, 1, 2, 0, 0, 1, 2, 1, 0, 2, 0, 1, 2, 1, 0, 0, 2, 1, 1, 0, 2, 0, 1, 2, 1, 0, 2, 1, 0, 1, 2, 0, 0, 1, 0, 2, 0, 1, 0, 2, 2, 0, 1, 2, 1, 2, 1, 2, 1, 2, 2, 0, 0, 0, 0, 1, 2, 1, 2, 1, 0, 2, 1, 0, 1, 0, 2, 0, 1, 0, 2, 0, 1, 2, 1, 0, 0, 0, 0, 2, 1, 2, 0, 1, 2, 2, 0, 1, 0, 1, 2, 0, 1, 0, 2, 0, 1, 0, 2, 1, 2, 1, 1, 2, 1, 2, 0, 1, 2, 1, 0, 0, 2, 2, 1, 2, 0, 1, 2, 1, 2, 0, 2, 1, 2, 1, 2, 0, 1, 0, 2, 1, 0, 1, 2, 1, 2, 0, 1, 0, 2, 0, 1, 0, 0, 0, 0, 1, 2, 0, 1, 1, 2, 2, 1, 2, 1, 0, 2, 1, 0, 0, 0, 0, 1, 2, 1, 2, 2, 1, 1, 2, 1, 2, 1, 2, 0, 0, 2, 1, 2, 1, 2, 1, 2, 2, 0, 1, 1, 2, 1, 2, 0, 0, 2, 1, 1, 2, 0, 2, 1, 0, 2, 1, 2, 0, 1, 2, 1, 2, 1, 2, 1, 2, 1, 2, 0, 1, 0, 2, 0, 1, 0, 0, 2, 2, 1, 2, 0, 1, 2, 1, 0, 2, 1, 2, 0, 1, 1, 2, 2, 1, 2, 1, 0, 2, 1, 0, 2, 1, 0, 0, 2, 0, 1, 0, 1, 2, 2, 1, 2, 1, 2, 1, 2, 1, 0, 1, 2, 0, 1, 2, 1, 2, 2, 1, 0, 1, 2, 2, 1, 1, 2, 2, 1, 2, 0, 1, 0, 2, 1, 2, 1, 2, 0, 2, 1, 1, 2, 0, 0, 2, 1, 2, 1, 2, 0, 1, 1, 0, 2, 0, 1, 0, 0, 0, 1, 2, 0, 0, 2, 0, 1, 0, 1, 2, 1, 2, 1, 1, 2, 2, 1, 1, 2, 1, 2, 0, 2, 1, 1, 2, 1, 2, 0, 0, 1, 2, 1, 2, 0, 1, 2, 1, 2, 1, 2, 1, 2, 1, 0, 0, 0, 2, 0, 1, 2, 1, 1, 2, 0, 2, 0, 1, 1, 2, 2, 0, 1, 0, 1, 2, 2, 1, 0, 2, 2, 0, 1, 2, 1, 1, 2, 0, 1, 0, 0, 0, 2, 0, 0, 1, 0, 2, 0, 1, 0, 1, 2, 0, 0, 0, 2, 1, 0, 0, 2, 1, 1, 2, 2, 1, 0, 0, 0, 0, 2, 1, 1, 2, 0, 2, 0, 1, 1, 2, 0, 2, 1, 1, 2, 0, 1, 0, 2, 0, 1, 2, 0, 0, 1, 0, 2, 0, 1, 2, 1, 2, 1, 2, 2, 0, 1, 0, 2, 0, 1, 1, 2, 2, 1, 2, 0, 1, 2, 1, 0, 2, 0, 1, 0, 2, 1, 0, 2, 2, 1, 0, 2, 1, 2, 1, 1, 2, 2, 1, 2, 1, 1, 2, 2, 1, 1, 2, 0, 0, 0, 2, 1, 2, 1, 0, 2, 1, 0, 2, 1, 0, 0, 1, 2, 2, 1, 1, 0, 2, 2, 1, 0, 0, 2, 1, 0, 0, 0, 0, 0, 2, 1, 1, 0, 2, 2, 1, 2, 1, 0, 0, 1, 2, 0, 0, 0, 1, 2, 2, 1, 0, 0, 2, 1, 1, 2, 1, 2, 1, 2, 1, 2, 2, 1, 0, 1, 2, 2, 1, 0, 1, 2, 0, 1, 2, 1, 2, 0, 1, 2, 2, 1, 0, 1, 2, 0, 0, 1, 2, 2, 1, 0, 2, 1, 1, 2, 0, 2, 1, 0, 1, 0, 2, 0, 1, 2, 0, 2, 1, 1, 0, 2, 2, 1, 0, 1, 0, 2, 0, 1, 2, 0, 1, 2, 0, 0, 2, 1, 1, 0, 2, 0, 1, 0, 1, 2, 0, 1, 1, 2, 2, 1, 0, 0, 2, 0, 0, 0, 1, 0, 2, 0, 1, 0, 1, 0, 2, 0, 1, 1, 2, 0, 0, 2, 1, 2, 1, 2, 1, 0, 2, 0, 1, 2, 2, 1, 0, 0, 1, 2, 0, 0, 2, 1, 1, 2, 0, 2, 1, 1, 0, 2, 2, 0, 1, 1, 2, 2, 1, 1, 2, 1, 2, 2, 1, 2, 2, 1, 0, 2, 1, 0, 1, 2, 0, 1, 0, 1, 0, 2, 0, 0, 1, 2, 0, 1, 0, 2, 0, 0, 1, 2, 0, 2, 1, 1, 0, 2, 2, 1, 0, 1, 2, 0, 1, 0, 2, 2, 1, 0, 1, 2, 2, 1, 0, 1, 2, 0, 0, 0, 1, 2, 1, 2, 0, 0, 0, 2, 1, 1, 2, 2, 0, 0, 2, 2, 1, 0, 1, 0, 2, 1, 2, 0, 1, 2, 1, 2, 1, 2, 2, 1, 2, 1, 1, 2, 0, 2, 1, 1, 2, 0, 0, 1, 2, 0, 0, 0, 0, 1, 2, 1, 2, 2, 1, 1, 2, 1, 2, 1, 2, 1, 2, 2, 1, 1, 0, 2, 0, 2, 1, 1, 0, 2, 0, 1, 2, 0, 1, 2, 0, 1, 2, 1, 2, 0, 0, 0, 1, 2, 2, 1, 1, 2, 1, 2, 1, 0, 1, 2, 2, 0, 1, 2, 0, 0, 1, 0, 2, 2, 1, 2, 1, 1, 2, 0, 1, 2, 1, 2, 1, 0, 2, 0, 1, 0, 2, 2, 1, 0, 0, 0, 1, 2, 1, 2, 1, 0, 1, 2, 2, 1, 2, 1, 2, 2, 1, 1, 2, 0, 2, 1, 1, 0, 2, 0, 0, 1, 2, 2, 1, 1, 2, 1, 2, 0, 0, 1, 2, 0, 1, 0, 2, 2, 1, 1, 2, 1, 2, 0, 0, 1, 2, 1, 0, 2, 0, 0, 2, 1, 1, 2, 1, 2, 1, 0, 1, 2, 1, 2, 1, 2, 1, 0, 0, 2, 1, 2, 0, 1, 2, 0, 1, 2, 1, 0, 1, 2, 1, 0, 0, 0, 2, 1, 1, 2, 2, 1, 2, 1, 2, 1, 0, 2, 1, 1, 2, 2, 0, 0, 0, 2, 1, 0, 1, 0, 2, 0, 0, 0, 0, 1, 2, 1, 2, 0, 0, 0, 0, 0, 2, 2, 1, 0, 0, 2, 0, 1, 1, 2, 0, 1, 0, 0, 1, 2, 1, 2, 2, 1, 2, 1, 1, 2, 0, 1, 2, 1, 1, 2, 2, 0, 1, 0, 2, 1, 0, 2, 1, 2, 1, 1, 2, 2, 0, 1, 2, 1, 2, 1, 2, 1, 2, 1, 2, 0, 0, 1, 2, 1, 2, 0, 1, 2, 1, 2, 1, 2, 1, 0, 2, 0, 0, 1, 0, 2, 0, 1, 2, 1, 2, 1, 2, 0, 1, 0, 2, 0, 0, 2, 0, 2, 1, 0, 0, 2, 1, 2, 1, 0, 2, 1, 2, 1, 0, 2, 1, 2, 1, 0, 0, 2, 1, 1, 2, 2, 0, 1, 0, 1, 2, 2, 1, 2, 1, 1, 2, 0, 0, 0, 0, 0, 1, 2, 2, 1, 1, 2, 2, 1, 1, 2, 0, 0, 0, 0, 0, 0, 0, 2, 1, 1, 2, 0, 0, 0, 0, 0, 1, 2, 0, 1, 0, 2, 2, 1, 1, 2, 1, 2, 0, 1, 0, 2, 0, 1, 1, 2, 2, 0, 1, 0, 0, 2, 1, 2, 1, 0, 0, 0, 2, 1, 0, 0, 0, 0, 2, 1, 0, 2, 1, 0, 2, 1, 0, 2, 1, 0, 1, 2, 2, 1, 2, 1, 0, 0, 2, 1, 1, 2, 0, 2, 1, 1, 2, 2, 1, 1, 2, 0, 0, 1, 2, 0, 0, 0, 1, 2, 2, 1, 1, 2, 1, 2, 0, 0, 0, 2, 0, 2, 1, 0, 2, 0, 1, 2, 1, 2, 1, 2, 1, 2, 1, 0, 2, 1, 2, 1, 2, 0, 1, 2, 1, 2, 0, 1, 0, 2, 1, 2, 1, 2, 0, 1, 2, 1, 2, 1, 2, 2, 1, 1, 2, 2, 1, 1, 2, 0, 0, 1, 2, 0, 1, 2, 1, 1, 2, 2, 1, 0, 1, 2, 0, 1, 2, 1, 2, 2, 0, 1, 0, 2, 1, 1, 2, 2, 1, 2, 1, 2, 1, 1, 2, 2, 1, 2, 1, 2, 1, 0, 1, 2, 2, 1, 0, 2, 2, 1, 1, 2, 1, 2, 1, 2, 0, 1, 2, 1, 2, 0, 2, 0, 1, 2, 1, 0, 1, 2, 1, 2, 0, 1, 1, 2, 0, 1, 0, 2, 0, 1, 2, 1, 2, 1, 2, 0, 0, 1, 2, 1, 2, 1, 2, 0, 1, 1, 2, 1, 2, 0, 1, 1, 2, 2, 1, 1, 2, 0, 2, 1, 2, 0, 1, 2, 1, 2, 1, 2, 0, 1, 0, 2, 1, 0, 2, 1, 2, 1, 0, 2, 0, 1, 1, 2, 2, 1, 2, 1, 0, 2, 0, 1, 1, 2, 0, 2, 1, 2, 2, 1, 2, 1, 1, 2, 0, 1, 0, 2, 1, 2, 1, 0, 0, 2, 1, 2, 1, 0, 2, 2, 1, 0, 0, 1, 2, 1, 0, 0, 0, 2, 1, 1, 2, 2, 0, 1, 0, 2, 0, 2, 1, 1, 2, 1, 2, 0, 1, 0, 0, 0, 0, 2, 0, 0, 1, 0, 0, 2, 1, 2, 0, 1, 0, 0, 2, 1, 2, 1, 2, 0, 1, 0, 2, 0, 1, 2, 0, 1, 0, 0, 2, 1, 2, 1, 2, 0, 1, 0, 2, 1, 0, 2, 1, 0, 0, 2, 1, 0, 1, 2, 2, 0, 1, 1, 2, 0, 2, 1, 2, 1, 0, 2, 0, 1, 2, 1, 2, 2, 1, 2, 2, 1, 0, 0, 2, 1, 0, 0, 2, 1, 0, 2, 0, 1, 0, 0, 2, 1, 1, 2, 2, 1, 0, 2, 1, 0, 2, 0, 1, 1, 2, 2, 1, 2, 1, 2, 0, 1, 2, 0, 1, 2, 1, 2, 1, 1, 2, 0, 1, 0, 2, 0, 1, 0, 2, 0, 0, 0, 0, 1, 2, 2, 0, 1, 1, 2, 0, 2, 1, 1, 2, 2, 1, 0, 2, 1, 0, 1, 2, 2, 1, 0, 2, 1, 2, 0, 1, 1, 2, 2, 1, 2, 0, 0, 1, 2, 1, 2, 0, 1, 1, 2, 1, 2, 1, 0, 2, 1, 2, 1, 2, 1, 0, 0, 1, 2, 1, 2, 1, 1, 2, 2, 1, 0, 2, 0, 1, 0, 2, 1, 2, 1, 1, 2, 2, 1, 0, 0, 2, 1, 2, 1, 0, 2, 1, 1, 2, 0, 2, 0, 1, 0, 1, 2, 0, 2, 1, 2, 1, 1, 2, 2, 1, 1, 2, 0, 2, 0, 1, 2, 1, 1, 2, 2, 0, 1, 0, 2, 0, 0, 1, 2, 1, 0, 1, 2, 0, 2, 1, 1, 2, 0, 0, 2, 0, 0, 1, 2, 1, 0, 0, 1, 2, 2, 1, 0, 1, 2, 2, 1, 0, 2, 1, 1, 2, 0, 0, 2, 1, 0, 0, 0, 0, 1, 2, 2, 1, 2, 1, 1, 2, 2, 1, 2, 1, 0, 0, 0, 2, 1, 1, 2, 0, 0, 0, 0, 0, 0, 0, 0, 0, 0, 1, 2, 2, 1, 1, 2, 0, 1, 2, 1, 2, 0, 2, 0, 0, 0, 0, 1, 2, 1, 2, 2, 1, 1, 0, 2, 0, 1, 2, 1, 2, 2, 1, 2, 1, 0, 2, 1, 2, 1, 2, 1, 2, 1, 0, 2, 1, 2, 0, 1, 1, 2, 2, 1, 0, 2, 1, 2, 1, 1, 2, 0, 2, 1, 1, 2, 2, 1, 0, 1, 2, 2, 1, 1, 2, 0, 0, 0, 0, 0, 0, 2, 1, 1, 2, 1, 2, 1, 0, 2, 0, 2, 1, 2, 1, 1, 2, 0, 1, 2, 1, 1, 2, 0, 0, 1, 2, 2, 0, 0, 2, 1, 1, 2, 1, 2, 1, 2, 0, 2, 1, 0, 0, 2, 1, 0, 1, 0, 2, 2, 1, 0, 0, 1, 2, 1, 2, 0, 0, 1, 0, 2, 0, 0, 1, 0, 2, 0, 1, 1, 2, 2, 0, 1, 2, 1, 2, 2, 1, 2, 1, 1, 2, 1, 2]
BWT          : [2, 0, 0, 0, 2, 0, 0, 2, 2, 0, 2, 1, 0, 0, 2, 0, 1, 2, 2, 2, 1, 2, 2, 0, 0, 1, 1, 1, 0, 0, 1, 0, 1, 0, 2, 1, 0, 0, 0, 2, 1, 0, 0, 0, 0, 0, 2, 0, 2, 2, 0, 2, 0, 0, 1, 1, 1, 2, 1, 2, 2, 2, 0, 0, 1, 0, 0, 0, 2, 1, 1, 0, 2, 0, 2, 2, 0, 2, 2, 2, 2, 2, 2, 2, 2, 1, 2, 0, 1, 2, 2, 2, 0, 0, 2, 2, 2, 1, 2, 2, 2, 2, 1, 0, 2, 0, 1, 2, 2, 2, 0, 0, 1, 2, 0, 0, 0, 1, 2, 0, 0, 1, 2, 1, 0, 0, 2, 0, 0, 0, 0, 1, 0, 0, 0, 2, 2, 1, 1, 2, 0, 2, 0, 1, 2, 0, 1, 2, 0, 0, 1, 0, 1, 1, 0, 1, 2, 1, 0, 0, 0, 0, 2, 2, 1, 2, 0, 2, 1, 0, 1, 0, 1, 1, 0, 1, 1, 0, 1, 0, 1, 1, 1, 1, 1, 2, 2, 2, 0, 2, 1, 1, 2, 2, 2, 2, 2, 2, 2, 0, 2, 2, 2, 2, 2, 2, 2, 2, 2, 2, 2, 2, 2, 2, 2, 1, 2, 0, 1, 2, 2, 2, 2, 2, 0, 0, 2, 2, 1, 2, 0, 1, 2, 0, 2, 2, 2, 2, 2, 1, 1, 2, 2, 0, 0, 2, 2, 2, 2, 2, 2, 2, 2, 1, 2, 2, 2, 2, 2, 2, 2, 2, 1, 0, 2, 2, 1, 2, 0, 2, 2, 2, 2, 2, 2, 2, 2, 2, 2, 2, 2, 2, 2, 2, 2, 2, 2, 2, 2, 2, 2, 2, 2, 0, 1, 0, 0, 1, 1, 2, 2, 2, 1, 0, 1, 2, 2, 0, 0, 2, 1, 0, 2, 1, 1, 0, 0, 1, 0, 0, 2, 2, 2, 0, 2, 1, 2, 1, 1, 2, 0, 1, 1, 2, 0, 1, 0, 2, 2, 0, 2, 2, 0, 2, 0, 2, 0, 2, 2, 2, 2, 2, 2, 2, 2, 0, 2, 0, 0, 0, 1, 2, 1, 0, 0, 0, 2, 2, 2, 2, 0, 2, 0, 2, 0, 1, 2, 2, 2, 0, 1, 1, 2, 2, 2, 2, 2, 2, 2, 2, 2, 2, 2, 0, 0, 0, 2, 0, 2, 2, 0, 1, 2, 0, 1, 1, 2, 0, 1, 2, 1, 0, 1, 0, 1, 1, 1, 0, 1, 0, 0, 0, 0, 0, 1, 0, 1, 1, 0, 1, 1, 1, 2, 1, 0, 1, 0, 0, 1, 1, 0, 1, 1, 0, 1, 1, 1, 1, 1, 1, 1, 1, 1, 1, 1, 2, 0, 0, 1, 1, 1, 1, 1, 1, 1, 1, 1, 0, 2, 1, 1, 2, 1, 1, 1, 1, 1, 1, 1, 1, 1, 1, 1, 1, 1, 2, 1, 0, 0, 2, 1, 1, 1, 1, 1, 1, 1, 0, 0, 1, 1, 1, 0, 1, 0, 0, 1, 1, 2, 1, 0, 0, 0, 2, 0, 1, 2, 0, 1, 1, 1, 0, 0, 1, 1, 0, 1, 2, 1, 1, 1, 1, 1, 0, 0, 2, 1, 1, 1, 1, 2, 2, 0, 2, 0, 2, 2, 2, 0, 1, 0, 0, 2, 2, 1, 2, 2, 1, 0, 1, 0, 0, 0, 2, 2, 0, 0, 0, 0, 1, 0, 0, 0, 0, 2, 2, 0, 2, 1, 0, 1, 0, 1, 1, 1, 0, 2, 1, 1, 0, 0, 1, 1, 1, 2, 0, 0, 1, 0, 0, 2, 1, 1, 1, 1, 2, 1, 0, 2, 0, 0, 1, 1, 1, 1, 0, 1, 1, 0, 2, 1, 1, 1, 1, 1, 1, 0, 1, 1, 0, 1, 1, 1, 1, 1, 1, 1, 1, 1, 1, 0, 0, 1, 1, 1, 1, 2, 0, 2, 2, 0, 2, 2, 2, 0, 2, 0, 2, 2, 2, 2, 2, 2, 2, 2, 2, 0, 2, 2, 0, 2, 2, 2, 2, 2, 2, 2, 2, 2, 2, 2, 2, 2, 2, 2, 2, 0, 0, 2, 0, 2, 2, 2, 0, 0, 0, 2, 2, 0, 2, 0, 2, 2, 2, 2, 2, 2, 0, 2, 2, 0, 2, 0, 2, 0, 2, 2, 2, 2, 0, 2, 2, 2, 0, 2, 2, 2, 2, 2, 2, 2, 2, 2, 0, 2, 2, 2, 2, 0, 0, 2, 0, 0, 1, 0, 2, 0, 0, 0, 1, 0, 2, 0, 1, 2, 0, 0, 0, 1, 0, 0, 0, 2, 0, 2, 0, 2, 0, 2, 0, 0, 0, 2, 2, 0, 0, 0, 0, 0, 1, 0, 0, 2, 1, 0, 0, 2, 0, 1, 2, 2, 1, 0, 2, 2, 2, 2, 2, 2, 2, 2, 0, 2, 2, 2, 2, 2, 0, 2, 2, 0, 0, 0, 0, 2, 2, 2, 2, 2, 2, 0, 2, 2, 2, 2, 0, 2, 0, 2, 2, 2, 0, 2, 0, 2, 2, 0, 0, 2, 2, 0, 1, 2, 0, 0, 2, 0, 1, 1, 0, 1, 0, 2, 2, 0, 0, 0, 2, 1, 1, 1, 0, 2, 2, 2, 0, 2, 2, 2, 2, 2, 2, 2, 2, 2, 2, 2, 2, 2, 2, 2, 2, 2, 2, 2, 2, 2, 2, 2, 2, 2, 2, 2, 0, 2, 0, 2, 2, 0, 2, 2, 2, 2, 2, 2, 2, 2, 2, 2, 2, 2, 2, 2, 2, 0, 2, 0, 2, 2, 0, 0, 2, 2, 2, 2, 2, 0, 2, 2, 0, 2, 2, 2, 2, 2, 2, 0, 2, 2, 2, 2, 2, 2, 2, 2, 0, 0, 2, 2, 2, 2, 2, 0, 2, 0, 2, 2, 2, 2, 2, 2, 0, 2, 2, 2, 2, 2, 2, 0, 2, 0, 0, 2, 2, 0, 2, 0, 0, 0, 2, 2, 0, 2, 2, 2, 1, 1, 1, 1, 1, 2, 0, 0, 0, 0, 2, 2, 2, 0, 2, 1, 2, 0, 0, 0, 0, 1, 1, 2, 1, 1, 2, 1, 2, 2, 2, 2, 2, 1, 0, 1, 0, 0, 1, 0, 0, 2, 0, 1, 1, 2, 2, 1, 0, 1, 2, 0, 0, 0, 2, 2, 2, 1, 0, 0, 2, 1, 2, 2, 1, 2, 2, 2, 2, 1, 2, 2, 2, 0, 0, 0, 2, 2, 2, 2, 0, 2, 2, 2, 0, 2, 0, 0, 2, 0, 2, 2, 0, 2, 2, 1, 1, 0, 0, 2, 0, 1, 2, 2, 1, 0, 2, 2, 2, 2, 2, 2, 0, 0, 2, 2, 2, 1, 1, 1, 2, 1, 2, 1, 1, 1, 1, 1, 0, 0, 1, 0, 2, 1, 2, 1, 1, 1, 1, 1, 0, 2, 1, 0, 2, 2, 2, 2, 0, 0, 2, 2, 0, 0, 2, 2, 2, 2, 0, 2, 0, 0, 0, 2, 2, 2, 2, 2, 2, 0, 0, 2, 2, 2, 0, 2, 2, 2, 2, 2, 0, 2, 2, 0, 2, 2, 2, 0, 2, 2, 2, 2, 2, 2, 2, 2, 0, 0, 0, 2, 2, 2, 2, 2, 0, 2, 2, 2, 2, 2, 0, 0, 2, 2, 0, 2, 2, 2, 2, 2, 2, 2, 2, 2, 0, 0, 0, 1, 0, 0, 1, 1, 1, 2, 1, 2, 1, 2, 1, 2, 0, 2, 1, 2, 2, 2, 2, 0, 2, 0, 2, 0, 1, 2, 1, 2, 2, 0, 0, 2, 0, 0, 0, 2, 2, 1, 0, 2, 2, 2, 2, 2, 1, 1, 1, 2, 0, 2, 0, 2, 1, 0, 2, 2, 2, 1, 0, 0, 2, 0, 2, 2, 0, 1, 0, 2, 0, 0, 1, 1, 0, 2, 0, 2, 0, 2, 2, 2, 2, 2, 0, 0, 0, 0, 0, 1, 1, 2, 0, 2, 2, 2, 0, 0, 2, 2, 0, 2, 2, 0, 0, 2, 2, 0, 0, 2, 0, 0, 2, 0, 0, 1, 2, 1, 0, 1, 1, 0, 0, 1, 1, 1, 2, 1, 1, 2, 0, 0, 2, 0, 1, 1, 1, 0, 1, 2, 0, 1, 0, 0, 0, 1, 2, 0, 1, 2, 1, 2, 1, 1, 0, 0, 0, 1, 0, 0, 2, 2, 0, 1, 0, 1, 1, 1, 1, 0, 1, 2, 1, 0, 0, 1, 0, 2, 2, 1, 0, 2, 0, 1, 0, 1, 1, 1, 1, 0, 1, 1, 1, 2, 0, 2, 2, 1, 2, 2, 1, 0, 1, 1, 1, 1, 0, 0, 2, 2, 1, 1, 1, 1, 1, 1, 0, 2, 0, 1, 0, 0, 1, 1, 1, 1, 1, 1, 1, 2, 0, 1, 1, 0, 1, 0, 1, 0, 0, 1, 1, 1, 1, 1, 0, 0, 1, 1, 1, 0, 0, 0, 1, 1, 1, 1, 1, 1, 1, 1, 1, 0, 1, 1, 1, 0, 1, 1, 1, 1, 1, 0, 2, 1, 1, 1, 2, 0, 1, 0, 1, 1, 1, 0, 2, 1, 1, 0, 1, 0, 0, 2, 2, 0, 0, 0, 2, 2, 0, 0, 1, 2, 1, 1, 1, 1, 1, 1, 1, 2, 1, 0, 1, 1, 0, 1, 2, 1, 1, 1, 2, 0, 1, 2, 1, 0, 0, 1, 1, 1, 0, 0, 1, 1, 1, 1, 0, 0, 1, 0, 2, 2, 0, 2, 1, 1, 0, 0, 0, 1, 1, 1, 2, 1, 0, 0, 1, 1, 0, 0, 1, 2, 0, 1, 0, 0, 0, 0, 1, 1, 1, 0, 0, 0, 1, 1, 0, 1, 0, 1, 0, 1, 2, 0, 0, 1, 1, 1, 1, 1, 1, 1, 1, 1, 1, 0, 0, 1, 1, 1, 0, 2, 1, 2, 0, 1, 1, 1, 1, 0, 2, 0, 1, 0, 1, 1, 1, 1, 1, 1, 1, 1, 0, 1, 0, 1, 1, 1, 0, 1, 1, 1, 1, 1, 1, 1, 1, 0, 1, 1, 1, 1, 1, 0, 1, 1, 1, 0, 0, 0, 0, 2, 1, 2, 1, 1, 1, 1, 1, 1, 1, 2, 2, 2, 1, 1, 0, 2, 0, 2, 2, 2, 0, 0, 0, 0, 1, 1, 2, 1, 0, 1, 2, 0, 1, 1, 0, 0, 2, 0, 2, 0, 2, 2, 0, 2, 0, 2, 2, 2, 1, 1, 1, 0, 1, 1, 1, 0, 0, 1, 2, 2, 2, 0, 1, 2, 2, 0, 1, 1, 1, 0, 1, 2, 1, 1, 1, 0, 1, 0, 1, 1, 1, 1, 0, 0, 0, 1, 1, 2, 2, 0, 2, 1, 1, 0, 0, 1, 2, 1, 2, 1, 0, 1, 2, 1, 0, 1, 0, 1, 2, 0, 2, 1, 1, 1, 2, 1, 0, 0, 2, 0, 2, 0, 0, 0, 0, 2, 2, 0, 2, 0, 0, 1, 0, 0, 0, 2, 2, 0, 1, 2, 0, 2, 1, 2, 2, 1, 0, 0, 0, 1, 1, 0, 1, 1, 1, 2, 1, 0, 0, 1, 2, 0, 0, 1, 2, 0, 1, 1, 0, 2, 2, 2, 2, 2, 0, 0, 2, 1, 2, 1, 0, 2, 0, 2, 2, 0, 0, 2, 2, 0, 0, 0, 1, 0, 1, 1, 0, 1, 1, 0, 1, 0, 0, 2, 1, 0, 2, 1, 1, 1, 2, 1, 1, 0, 1, 1, 0, 0, 1, 1, 1, 1, 1, 1, 1, 1, 1, 2, 1, 1, 1, 1, 1, 1, 0, 1, 1, 1, 1, 1, 2, 1, 1, 1, 2, 1, 2, 2, 1, 1, 1, 1, 0, 1, 0, 0, 0, 1, 1, 2, 2, 1, 1, 2, 0, 1, 1, 0, 1, 0, 0, 1, 1, 1, 1, 1, 1, 1, 1, 1, 0, 2, 2, 1, 2, 0, 1, 0, 1, 1, 1, 1, 1, 1, 1, 1, 2, 0, 0, 1, 1, 2, 1, 0, 2, 0, 1, 1, 0, 0, 1, 1, 2, 0, 2, 2, 1, 2, 0, 2, 2, 2, 2, 0, 0, 2, 0, 0, 1, 2, 1, 0, 1, 2, 2, 0, 1, 1, 1, 1, 1, 1, 0, 0, 0, 1, 0, 1, 2, 0, 1, 0, 1, 0, 1, 1, 0, 1, 1, 2, 1, 0, 2, 1, 1, 1, 2, 1, 1, 1, 2, 0, 1, 0, 1, 1, 1, 0, 1, 1, 1, 1, 1, 1, 1, 2, 1, 1, 1, 1, 1, 1, 2, 1, 1, 2, 1, 1, 1, 1, 1, 1, 1, 0, 1, 1, 1, 1, 1, 1, 1, 1, 1, 1, 1, 1, 1, 1, 1, 1, 1, 1, 1, 1, 1, 1, 0, 1, 0, 1, 0, 1, 1, 0, 1, 0, 0, 1, 0, 0, 1, 1, 1, 0, 0, 0, 1, 1, 0, 1, 1, 0, 1, 1, 1, 1, 1, 1, 1, 1, 1, 1, 1, 1, 0, 1, 1, 0, 1, 1, 1, 1, 1, 1, 1, 1, 1, 1, 1, 1, 1, 1, 1, 0, 0, 0, 1, 1, 1, 0, 1, 1, 1, 1, 1, 1, 1, 0, 1, 1, 1, 0, 0, 1, 0, 1, 1, 1, 1, 1, 0, 1, 1, 1, 0, 1, 1, 1, 1, 0, 1, 1, 1, 1, 1, 1, 1, 1, 1]  (index=724)
Round-trip   : lossless

MTFT         : 
Iteraciones usadas: 1
Entropía de salida: 1.4865 bits/símbolo
Round-trip   : lossless

[Compresores] (entrada: cadena post-MTFT, 2192 símbolos)
Algoritmo       Tamaño (bytes)  Tasa de compresión  
-------------- -------------- ------------------
Huffman         414             0.1889               lossless  
ZIP             698             0.3184               lossless  
Aritmético      408             0.1861               lossless  
PPM             1254            0.5721               lossless  
=======================================================
3OT - 2192 símbolos

-------------------------------------------------------
--- 3OT ---
Longitud     : 2192
Original     : [0, 2, 1, 1, 1, 1, 1, 1, 0, 0, 0, 1, 0, 0, 1, 1, 0, 1, 0, 0, 2, 1, 1, 0, 1, 1, 2, 0, 1, 2, 1, 1, 1, 2, 0, 1, 2, 1, 1, 0, 1, 0, 1, 1, 0, 1, 2, 1, 2, 0, 1, 0, 0, 0, 2, 1, 0, 2, 1, 2, 0, 1, 0, 2, 1, 0, 0, 2, 0, 1, 1, 1, 2, 1, 0, 0, 1, 1, 0, 1, 1, 0, 0, 1, 0, 1, 2, 1, 0, 2, 0, 1, 2, 1, 2, 1, 1, 1, 0, 0, 1, 1, 1, 1, 0, 0, 0, 1, 1, 2, 1, 1, 0, 1, 0, 1, 0, 1, 1, 0, 1, 0, 1, 0, 1, 0, 1, 0, 1, 1, 0, 0, 2, 1, 0, 0, 1, 1, 0, 1, 1, 2, 1, 2, 1, 1, 1, 2, 1, 0, 2, 1, 0, 1, 2, 1, 1, 1, 2, 1, 2, 1, 1, 0, 1, 0, 1, 1, 1, 1, 1, 1, 1, 1, 2, 1, 2, 1, 2, 1, 0, 0, 1, 1, 1, 0, 1, 0, 1, 1, 1, 0, 0, 1, 1, 2, 0, 1, 0, 1, 1, 1, 0, 1, 1, 0, 2, 1, 0, 0, 1, 0, 1, 0, 1, 0, 1, 2, 0, 1, 1, 1, 1, 1, 1, 1, 1, 2, 0, 0, 0, 0, 1, 1, 1, 1, 1, 0, 1, 1, 0, 2, 0, 1, 0, 1, 0, 1, 0, 1, 1, 1, 0, 0, 0, 0, 1, 1, 1, 0, 1, 1, 2, 0, 1, 0, 2, 1, 0, 1, 0, 1, 0, 1, 0, 1, 1, 1, 1, 2, 1, 1, 1, 0, 1, 1, 1, 0, 0, 1, 2, 1, 1, 0, 1, 1, 1, 1, 0, 2, 1, 1, 1, 1, 0, 1, 0, 1, 1, 0, 2, 1, 1, 1, 0, 1, 0, 1, 0, 1, 0, 0, 0, 0, 2, 1, 0, 1, 2, 1, 2, 1, 1, 1, 0, 1, 1, 0, 0, 0, 0, 2, 1, 1, 1, 2, 1, 2, 1, 1, 1, 1, 1, 0, 0, 2, 1, 1, 1, 1, 1, 1, 2, 0, 1, 2, 1, 1, 1, 0, 0, 2, 1, 2, 1, 0, 2, 1, 0, 1, 1, 1, 0, 1, 1, 1, 1, 1, 1, 1, 1, 1, 1, 0, 1, 0, 1, 0, 1, 0, 0, 1, 2, 1, 1, 0, 1, 1, 1, 0, 1, 1, 1, 0, 1, 2, 1, 2, 1, 1, 1, 0, 1, 1, 0, 1, 1, 0, 0, 1, 0, 1, 0, 2, 1, 2, 1, 1, 1, 1, 1, 1, 1, 0, 2, 1, 0, 1, 1, 1, 1, 2, 1, 0, 2, 1, 2, 1, 2, 1, 2, 1, 1, 0, 1, 0, 1, 1, 1, 1, 1, 0, 2, 1, 2, 1, 0, 0, 2, 1, 1, 1, 1, 0, 1, 2, 0, 1, 0, 1, 0, 0, 0, 2, 1, 0, 0, 2, 0, 1, 0, 2, 1, 1, 1, 1, 2, 1, 2, 1, 2, 1, 1, 1, 0, 2, 1, 2, 1, 1, 1, 0, 0, 1, 1, 1, 1, 0, 1, 1, 1, 1, 1, 1, 1, 1, 1, 0, 0, 0, 1, 0, 1, 1, 1, 2, 1, 0, 2, 0, 1, 2, 1, 2, 0, 1, 0, 2, 1, 2, 1, 0, 1, 2, 0, 1, 1, 1, 2, 1, 0, 1, 0, 0, 0, 1, 0, 0, 1, 0, 1, 0, 1, 0, 2, 1, 0, 0, 0, 2, 1, 0, 0, 1, 1, 2, 1, 2, 1, 0, 0, 0, 0, 1, 1, 2, 1, 0, 2, 0, 1, 2, 1, 0, 2, 1, 2, 1, 0, 1, 0, 1, 0, 1, 1, 0, 0, 1, 0, 1, 0, 1, 1, 1, 1, 1, 1, 2, 0, 1, 0, 1, 0, 1, 2, 1, 2, 1, 1, 0, 1, 1, 1, 0, 1, 0, 1, 0, 1, 1, 0, 1, 2, 1, 0, 1, 1, 1, 1, 2, 1, 2, 1, 1, 1, 2, 1, 2, 1, 2, 1, 0, 0, 0, 2, 1, 1, 1, 0, 1, 1, 0, 1, 1, 0, 0, 2, 1, 2, 1, 2, 0, 1, 2, 1, 0, 0, 1, 1, 0, 0, 0, 0, 0, 1, 1, 2, 0, 1, 2, 1, 1, 1, 0, 0, 2, 1, 0, 0, 0, 1, 1, 2, 1, 0, 0, 1, 1, 2, 1, 1, 1, 1, 1, 1, 1, 2, 1, 0, 2, 1, 2, 1, 0, 2, 1, 0, 1, 1, 1, 1, 0, 1, 1, 2, 1, 0, 2, 1, 0, 0, 1, 1, 2, 1, 0, 1, 1, 2, 1, 0, 2, 1, 0, 2, 0, 1, 0, 1, 1, 0, 2, 1, 2, 0, 1, 2, 1, 0, 2, 0, 1, 0, 1, 1, 0, 1, 1, 0, 0, 2, 1, 2, 0, 1, 0, 1, 0, 2, 1, 0, 1, 2, 1, 2, 1, 0, 0, 1, 0, 0, 0, 1, 0, 1, 0, 1, 0, 2, 0, 1, 0, 1, 2, 1, 0, 0, 2, 1, 1, 1, 1, 1, 0, 1, 0, 1, 1, 2, 1, 0, 0, 2, 1, 0, 0, 2, 1, 2, 1, 0, 2, 1, 2, 0, 1, 2, 0, 1, 2, 1, 2, 1, 2, 1, 1, 1, 2, 1, 1, 2, 1, 0, 1, 1, 0, 2, 1, 0, 1, 0, 2, 0, 1, 0, 0, 1, 1, 0, 1, 0, 1, 0, 0, 1, 1, 0, 2, 1, 2, 0, 1, 2, 1, 0, 2, 1, 0, 1, 0, 1, 2, 1, 0, 2, 1, 2, 1, 0, 2, 1, 0, 0, 0, 1, 1, 1, 1, 0, 0, 0, 2, 1, 2, 1, 2, 0, 0, 2, 2, 1, 0, 2, 0, 1, 1, 1, 0, 1, 1, 1, 1, 1, 1, 2, 1, 1, 1, 2, 1, 0, 2, 1, 2, 1, 0, 0, 1, 1, 0, 0, 0, 0, 1, 1, 1, 1, 2, 1, 2, 1, 1, 1, 1, 1, 1, 1, 2, 1, 2, 0, 1, 0, 2, 1, 2, 0, 1, 0, 1, 1, 0, 1, 1, 0, 1, 1, 1, 1, 0, 0, 0, 1, 1, 2, 1, 2, 1, 1, 1, 1, 0, 2, 1, 2, 0, 1, 1, 0, 0, 1, 0, 1, 2, 1, 1, 1, 2, 1, 0, 1, 1, 1, 1, 1, 0, 1, 0, 1, 0, 1, 2, 1, 0, 0, 0, 2, 1, 1, 1, 1, 0, 2, 1, 2, 1, 1, 1, 1, 2, 1, 2, 1, 0, 2, 1, 2, 0, 1, 0, 0, 1, 1, 2, 1, 2, 1, 1, 1, 0, 0, 1, 1, 0, 1, 0, 1, 2, 1, 2, 1, 1, 1, 0, 0, 1, 1, 1, 0, 1, 0, 0, 2, 1, 2, 1, 1, 1, 1, 0, 2, 1, 1, 1, 1, 1, 1, 0, 0, 1, 1, 1, 0, 1, 1, 0, 1, 1, 1, 0, 2, 1, 1, 0, 0, 0, 1, 1, 2, 1, 2, 1, 1, 1, 1, 1, 0, 1, 1, 2, 1, 2, 0, 0, 0, 2, 1, 0, 2, 0, 1, 0, 0, 0, 0, 1, 1, 1, 1, 0, 0, 0, 0, 0, 2, 2, 1, 0, 0, 1, 0, 1, 2, 1, 0, 1, 0, 0, 2, 1, 1, 1, 2, 1, 1, 1, 2, 1, 0, 1, 1, 1, 2, 1, 2, 0, 1, 0, 1, 1, 0, 1, 1, 1, 1, 2, 1, 2, 0, 1, 1, 1, 1, 1, 1, 1, 1, 1, 1, 0, 0, 1, 1, 1, 1, 0, 1, 1, 1, 1, 1, 1, 1, 0, 1, 0, 0, 1, 0, 1, 0, 1, 1, 1, 1, 1, 1, 0, 1, 0, 1, 0, 0, 2, 0, 2, 1, 0, 0, 1, 1, 1, 1, 0, 1, 1, 1, 1, 0, 1, 1, 1, 1, 0, 0, 1, 1, 2, 1, 2, 0, 1, 0, 2, 1, 2, 1, 1, 1, 2, 1, 0, 0, 0, 0, 0, 1, 1, 2, 1, 2, 1, 2, 1, 2, 1, 0, 0, 0, 0, 0, 0, 0, 2, 1, 2, 1, 0, 0, 0, 0, 0, 1, 1, 0, 1, 0, 1, 2, 1, 2, 1, 1, 1, 0, 1, 0, 1, 0, 1, 2, 1, 2, 0, 1, 0, 0, 1, 1, 1, 1, 0, 0, 0, 1, 1, 0, 0, 0, 0, 1, 1, 0, 1, 1, 0, 1, 1, 0, 1, 1, 0, 2, 1, 2, 1, 1, 1, 0, 0, 1, 1, 2, 1, 0, 2, 1, 2, 1, 2, 1, 2, 1, 0, 0, 1, 1, 0, 0, 0, 1, 1, 2, 1, 2, 1, 1, 1, 0, 0, 0, 2, 0, 2, 1, 0, 1, 0, 1, 1, 1, 1, 1, 1, 1, 1, 1, 0, 1, 1, 1, 1, 1, 0, 1, 1, 1, 1, 0, 1, 0, 1, 1, 1, 1, 1, 0, 1, 1, 1, 1, 1, 1, 2, 1, 2, 1, 2, 1, 2, 1, 0, 0, 1, 1, 0, 1, 1, 1, 2, 1, 2, 1, 0, 2, 1, 0, 1, 1, 1, 1, 2, 0, 1, 0, 1, 1, 2, 1, 2, 1, 1, 1, 1, 1, 2, 1, 2, 1, 1, 1, 1, 1, 0, 2, 1, 2, 1, 0, 1, 2, 1, 2, 1, 1, 1, 1, 1, 0, 1, 1, 1, 1, 0, 2, 0, 1, 1, 1, 0, 2, 1, 1, 1, 0, 1, 2, 1, 0, 1, 0, 1, 0, 1, 1, 1, 1, 1, 1, 0, 0, 1, 1, 1, 1, 1, 1, 0, 1, 2, 1, 1, 1, 0, 1, 2, 1, 2, 1, 2, 1, 0, 2, 1, 1, 0, 1, 1, 1, 1, 1, 1, 0, 1, 0, 1, 1, 0, 1, 1, 1, 1, 0, 1, 0, 1, 2, 1, 2, 1, 1, 1, 0, 1, 0, 1, 2, 1, 0, 2, 1, 1, 2, 1, 1, 1, 2, 1, 0, 1, 0, 1, 1, 1, 1, 0, 0, 1, 1, 1, 1, 0, 1, 2, 1, 0, 0, 2, 1, 1, 0, 0, 0, 1, 1, 2, 1, 2, 0, 1, 0, 1, 0, 2, 1, 2, 1, 1, 1, 0, 1, 0, 0, 0, 0, 1, 0, 0, 1, 0, 0, 1, 1, 1, 0, 1, 0, 0, 1, 1, 1, 1, 1, 0, 1, 0, 1, 0, 1, 1, 0, 1, 0, 0, 1, 1, 1, 1, 1, 0, 1, 0, 1, 1, 0, 1, 1, 0, 0, 1, 1, 0, 2, 1, 2, 0, 1, 2, 1, 0, 2, 1, 1, 1, 0, 1, 0, 1, 1, 1, 1, 2, 1, 1, 2, 1, 0, 0, 1, 1, 0, 0, 1, 1, 0, 1, 0, 1, 0, 0, 1, 1, 2, 1, 2, 1, 0, 1, 1, 0, 1, 0, 1, 2, 1, 2, 1, 1, 1, 1, 0, 1, 1, 0, 1, 1, 1, 1, 1, 2, 1, 0, 1, 0, 1, 0, 1, 0, 1, 0, 0, 0, 0, 1, 1, 2, 0, 1, 2, 1, 0, 2, 1, 2, 1, 2, 1, 0, 1, 1, 0, 2, 1, 2, 1, 0, 1, 1, 1, 0, 1, 2, 1, 2, 1, 1, 0, 0, 1, 1, 1, 1, 0, 1, 2, 1, 1, 1, 1, 0, 1, 1, 1, 1, 1, 1, 0, 0, 2, 1, 1, 1, 1, 2, 1, 2, 1, 0, 1, 0, 1, 0, 1, 1, 1, 1, 2, 1, 2, 1, 0, 0, 1, 1, 1, 1, 0, 1, 1, 2, 1, 0, 2, 0, 1, 0, 2, 1, 0, 2, 1, 1, 1, 2, 1, 2, 1, 2, 1, 0, 2, 0, 1, 1, 1, 2, 1, 2, 0, 1, 0, 1, 0, 0, 1, 1, 1, 0, 2, 1, 0, 2, 1, 2, 1, 0, 0, 2, 0, 0, 1, 1, 1, 0, 0, 2, 1, 2, 1, 0, 2, 1, 2, 1, 0, 1, 1, 2, 1, 0, 0, 2, 1, 0, 0, 0, 0, 2, 1, 2, 1, 1, 1, 2, 1, 2, 1, 1, 1, 0, 0, 0, 1, 1, 2, 1, 0, 0, 0, 0, 0, 0, 0, 0, 0, 0, 1, 1, 2, 1, 2, 1, 0, 1, 1, 1, 1, 0, 2, 0, 0, 0, 0, 1, 1, 1, 1, 2, 1, 2, 0, 1, 0, 1, 1, 1, 1, 2, 1, 1, 1, 0, 1, 1, 1, 1, 1, 1, 1, 1, 0, 1, 1, 1, 0, 1, 2, 1, 2, 1, 0, 1, 1, 1, 1, 2, 1, 0, 2, 1, 2, 1, 2, 1, 0, 2, 1, 2, 1, 2, 1, 0, 0, 0, 0, 0, 0, 2, 1, 2, 1, 1, 1, 1, 0, 1, 0, 2, 1, 1, 1, 2, 1, 0, 1, 1, 1, 2, 1, 0, 0, 1, 1, 2, 0, 0, 2, 1, 2, 1, 1, 1, 1, 1, 0, 2, 1, 0, 0, 1, 1, 0, 2, 0, 1, 2, 1, 0, 0, 2, 1, 1, 1, 0, 0, 1, 0, 1, 0, 0, 1, 0, 1, 0, 1, 2, 1, 2, 0, 1, 1, 1, 1, 2, 1, 1, 1, 2, 1, 1, 1, 1]
BWT          : [1, 0, 0, 0, 1, 0, 0, 1, 1, 1, 0, 1, 0, 0, 1, 1, 0, 1, 1, 1, 2, 2, 1, 1, 0, 1, 0, 0, 1, 1, 0, 0, 1, 0, 0, 1, 1, 1, 1, 1, 0, 0, 0, 0, 1, 0, 0, 0, 0, 0, 1, 1, 0, 1, 1, 0, 1, 1, 1, 0, 1, 1, 1, 0, 2, 1, 1, 1, 0, 0, 0, 0, 1, 0, 1, 0, 0, 0, 1, 1, 1, 0, 1, 1, 1, 1, 1, 0, 1, 1, 1, 1, 0, 1, 1, 1, 1, 1, 1, 1, 0, 1, 0, 1, 1, 1, 1, 1, 2, 1, 1, 1, 1, 0, 1, 0, 1, 1, 0, 1, 1, 1, 1, 1, 1, 1, 1, 0, 1, 0, 0, 1, 1, 0, 0, 0, 0, 1, 0, 1, 0, 1, 0, 1, 1, 1, 0, 0, 1, 0, 0, 0, 1, 1, 1, 1, 1, 1, 0, 1, 1, 1, 0, 0, 1, 0, 0, 0, 1, 1, 1, 0, 1, 0, 1, 1, 1, 1, 0, 1, 0, 1, 1, 1, 0, 1, 2, 0, 0, 1, 0, 2, 1, 2, 1, 1, 1, 0, 1, 2, 0, 0, 1, 1, 0, 2, 1, 0, 1, 2, 1, 1, 1, 2, 1, 1, 1, 1, 1, 1, 1, 2, 0, 1, 2, 1, 1, 1, 1, 1, 1, 1, 1, 1, 2, 1, 0, 0, 0, 1, 1, 1, 1, 1, 1, 1, 0, 0, 1, 1, 1, 1, 1, 0, 2, 1, 1, 2, 2, 0, 1, 1, 1, 1, 1, 2, 2, 1, 2, 1, 1, 1, 2, 1, 1, 2, 1, 1, 1, 1, 1, 1, 1, 1, 1, 2, 1, 1, 0, 1, 2, 1, 1, 2, 0, 0, 1, 1, 0, 1, 1, 1, 1, 1, 1, 1, 1, 1, 1, 2, 2, 1, 2, 2, 1, 2, 2, 1, 1, 2, 0, 0, 0, 1, 0, 1, 1, 1, 2, 0, 1, 1, 1, 1, 1, 0, 0, 0, 1, 0, 0, 1, 1, 0, 1, 1, 1, 0, 1, 1, 1, 1, 1, 1, 1, 1, 0, 0, 1, 1, 1, 0, 1, 1, 1, 1, 0, 0, 1, 1, 1, 1, 1, 0, 0, 0, 1, 0, 0, 1, 1, 1, 2, 0, 1, 1, 1, 0, 1, 2, 0, 0, 0, 1, 0, 1, 1, 1, 1, 1, 0, 0, 0, 0, 1, 0, 0, 1, 1, 1, 0, 1, 0, 0, 1, 1, 1, 1, 1, 1, 1, 0, 1, 1, 1, 1, 2, 1, 2, 1, 1, 1, 1, 1, 1, 1, 1, 1, 1, 2, 1, 0, 1, 1, 0, 1, 2, 1, 2, 1, 2, 1, 1, 0, 0, 1, 0, 0, 1, 0, 0, 1, 1, 0, 1, 0, 1, 1, 0, 0, 0, 1, 0, 0, 0, 0, 0, 0, 0, 0, 0, 1, 1, 0, 1, 1, 1, 2, 1, 2, 1, 2, 1, 1, 1, 1, 2, 1, 2, 2, 1, 2, 1, 2, 2, 0, 0, 2, 2, 1, 1, 2, 1, 1, 1, 1, 2, 1, 1, 1, 1, 1, 1, 2, 1, 1, 1, 1, 1, 1, 1, 2, 1, 0, 1, 1, 1, 1, 1, 1, 1, 0, 1, 1, 0, 1, 1, 1, 1, 1, 0, 0, 0, 1, 0, 1, 1, 0, 1, 2, 1, 0, 0, 1, 0, 1, 2, 1, 1, 1, 1, 1, 1, 1, 1, 0, 0, 1, 1, 0, 1, 0, 1, 1, 0, 0, 1, 1, 0, 1, 1, 0, 0, 0, 1, 1, 0, 0, 1, 1, 0, 0, 1, 1, 1, 0, 1, 1, 1, 1, 1, 1, 1, 0, 1, 1, 1, 1, 1, 1, 1, 1, 1, 0, 1, 0, 0, 1, 1, 1, 0, 0, 0, 1, 1, 1, 0, 0, 0, 1, 1, 1, 1, 1, 0, 0, 2, 2, 2, 2, 1, 2, 1, 0, 1, 1, 0, 1, 0, 2, 0, 1, 2, 0, 1, 0, 1, 1, 2, 1, 2, 1, 1, 1, 1, 1, 1, 2, 0, 0, 2, 2, 1, 2, 0, 1, 2, 0, 0, 1, 0, 1, 2, 1, 1, 2, 2, 2, 2, 0, 0, 1, 1, 2, 2, 2, 2, 0, 1, 0, 1, 2, 1, 0, 0, 1, 2, 1, 1, 2, 1, 1, 0, 0, 1, 2, 1, 2, 1, 2, 1, 2, 0, 0, 0, 1, 2, 2, 2, 0, 2, 1, 1, 2, 2, 0, 2, 2, 2, 1, 1, 0, 1, 1, 2, 1, 0, 1, 1, 0, 0, 2, 0, 1, 0, 0, 0, 1, 1, 0, 0, 0, 1, 2, 1, 0, 0, 1, 1, 0, 1, 0, 1, 1, 2, 1, 0, 2, 2, 0, 1, 1, 1, 0, 2, 0, 2, 0, 1, 1, 0, 0, 0, 0, 0, 0, 1, 1, 0, 1, 1, 0, 1, 2, 1, 1, 0, 0, 2, 1, 0, 0, 1, 0, 1, 0, 0, 1, 2, 0, 0, 0, 1, 1, 1, 1, 2, 0, 0, 0, 1, 0, 0, 1, 0, 1, 1, 1, 0, 1, 1, 0, 0, 2, 1, 0, 0, 1, 1, 0, 1, 1, 1, 0, 1, 0, 0, 0, 1, 1, 2, 0, 0, 2, 1, 0, 0, 1, 1, 0, 1, 2, 1, 2, 1, 1, 1, 0, 1, 1, 1, 1, 2, 2, 1, 1, 2, 1, 0, 0, 0, 1, 0, 1, 1, 1, 1, 0, 1, 0, 0, 1, 1, 1, 2, 2, 2, 0, 0, 0, 1, 0, 2, 2, 0, 2, 1, 1, 1, 2, 0, 1, 1, 2, 1, 0, 1, 1, 0, 2, 0, 1, 0, 0, 1, 1, 0, 0, 0, 1, 1, 0, 2, 1, 0, 0, 2, 1, 1, 0, 0, 0, 0, 2, 1, 0, 2, 1, 1, 2, 0, 1, 2, 2, 0, 2, 2, 1, 2, 1, 2, 2, 2, 2, 0, 1, 1, 2, 0, 0, 2, 1, 2, 2, 2, 1, 2, 0, 2, 0, 1, 1, 2, 1, 2, 1, 1, 1, 1, 0, 0, 2, 2, 2, 0, 2, 1, 2, 1, 1, 1, 2, 2, 1, 2, 1, 2, 0, 1, 2, 2, 1, 1, 0, 0, 1, 0, 2, 2, 2, 2, 2, 0, 1, 0, 1, 0, 0, 1, 1, 1, 1, 1, 2, 0, 1, 2, 1, 1, 1, 0, 0, 0, 0, 0, 1, 0, 1, 1, 1, 1, 1, 1, 2, 1, 1, 1, 1, 1, 1, 0, 1, 1, 0, 1, 1, 0, 1, 1, 1, 0, 0, 1, 0, 0, 1, 1, 1, 0, 1, 2, 1, 1, 1, 1, 1, 2, 1, 1, 1, 2, 2, 1, 1, 1, 0, 0, 1, 0, 1, 1, 0, 0, 0, 0, 0, 1, 1, 0, 0, 1, 0, 1, 1, 1, 0, 1, 2, 2, 1, 1, 0, 0, 1, 1, 0, 1, 1, 2, 1, 1, 2, 1, 1, 1, 1, 1, 1, 0, 0, 0, 1, 2, 1, 1, 1, 0, 1, 1, 1, 0, 1, 1, 0, 1, 1, 1, 1, 1, 0, 1, 0, 0, 1, 0, 1, 1, 1, 0, 1, 1, 1, 1, 1, 0, 0, 0, 1, 0, 1, 1, 0, 1, 1, 0, 1, 1, 1, 2, 1, 1, 2, 1, 2, 2, 2, 1, 2, 1, 2, 1, 1, 0, 2, 1, 0, 2, 1, 1, 2, 0, 2, 1, 0, 0, 1, 2, 1, 1, 0, 1, 2, 1, 1, 1, 0, 1, 2, 1, 2, 1, 1, 2, 2, 2, 0, 1, 1, 0, 2, 1, 0, 1, 1, 1, 1, 1, 1, 1, 2, 1, 0, 0, 1, 0, 1, 1, 1, 1, 1, 2, 1, 1, 0, 0, 0, 2, 1, 1, 1, 1, 0, 0, 0, 1, 1, 1, 1, 1, 1, 2, 1, 0, 1, 1, 0, 0, 0, 0, 1, 1, 0, 1, 0, 1, 1, 1, 1, 1, 1, 1, 1, 1, 2, 0, 1, 0, 2, 2, 1, 1, 0, 1, 0, 1, 1, 2, 0, 0, 1, 0, 0, 1, 2, 0, 1, 0, 0, 0, 1, 1, 0, 2, 2, 2, 1, 1, 2, 1, 1, 1, 1, 1, 2, 1, 1, 1, 1, 0, 0, 0, 1, 2, 0, 1, 0, 2, 1, 0, 2, 1, 2, 1, 0, 2, 2, 1, 2, 1, 0, 0, 1, 0, 1, 0, 1, 1, 0, 1, 1, 1, 0, 1, 1, 1, 2, 1, 1, 1, 0, 1, 0, 1, 1, 0, 0, 0, 0, 0, 1, 2, 2, 1, 1, 0, 2, 1, 0, 1, 1, 0, 1, 1, 1, 0, 1, 1, 1, 2, 1, 1, 1, 1, 0, 1, 1, 1, 0, 0, 0, 0, 1, 0, 0, 0, 1, 0, 0, 2, 2, 1, 0, 0, 1, 2, 1, 1, 1, 1, 2, 1, 2, 0, 0, 0, 1, 2, 2, 2, 2, 0, 2, 2, 1, 1, 1, 1, 1, 2, 2, 1, 1, 1, 2, 0, 0, 1, 1, 1, 1, 1, 0, 1, 2, 2, 2, 1, 1, 1, 2, 1, 2, 1, 1, 1, 0, 1, 0, 1, 0, 0, 1, 0, 1, 0, 0, 1, 2, 1, 1, 0, 0, 0, 1, 1, 1, 2, 1, 1, 1, 0, 0, 0, 1, 0, 1, 0, 1, 1, 1, 0, 1, 0, 1, 1, 1, 0, 2, 1, 1, 1, 1, 1, 0, 1, 0, 1, 1, 1, 0, 1, 0, 1, 1, 0, 0, 1, 1, 1, 1, 0, 0, 0, 1, 0, 1, 1, 0, 0, 1, 1, 1, 1, 1, 0, 1, 1, 2, 1, 2, 2, 2, 2, 0, 2, 1, 2, 2, 2, 2, 1, 2, 1, 2, 1, 2, 2, 2, 2, 2, 0, 2, 0, 2, 2, 2, 2, 2, 1, 1, 1, 1, 1, 0, 1, 2, 2, 2, 1, 2, 2, 0, 2, 0, 2, 2, 1, 1, 2, 2, 2, 1, 1, 2, 1, 1, 0, 0, 2, 0, 1, 0, 1, 2, 0, 2, 1, 2, 1, 2, 2, 2, 1, 2, 0, 1, 1, 2, 1, 2, 2, 0, 1, 2, 1, 1, 0, 2, 1, 0, 2, 2, 2, 1, 1, 2, 0, 0, 2, 2, 1, 0, 2, 0, 1, 2, 0, 1, 1, 1, 2, 1, 0, 2, 2, 2, 0, 0, 2, 2, 2, 2, 2, 2, 2, 0, 0, 2, 2, 2, 2, 2, 1, 1, 0, 2, 2, 2, 0, 1, 2, 2, 2, 2, 2, 2, 2, 2, 1, 2, 2, 2, 0, 2, 1, 0, 1, 2, 1, 1, 2, 0, 2, 2, 1, 1, 1, 2, 0, 0, 1, 1, 1, 1, 1, 0, 1, 1, 0, 2, 2, 2, 1, 2, 0, 2, 2, 2, 1, 1, 1, 2, 1, 0, 2, 1, 2, 1, 2, 0, 2, 1, 0, 1, 1, 1, 0, 0, 0, 0, 0, 0, 2, 0, 1, 1, 0, 1, 1, 1, 1, 1, 2, 1, 2, 1, 2, 2, 1, 1, 0, 2, 1, 0, 1, 1, 1, 0, 1, 0, 1, 1, 0, 1, 0, 1, 1, 1, 1, 0, 1, 1, 1, 0, 1, 1, 0, 1, 1, 1, 0, 1, 1, 0, 0, 1, 1, 1, 1, 0, 0, 1, 1, 1, 0, 1, 0, 1, 1, 0, 1, 1, 1, 0, 1, 1, 1, 1, 1, 0, 0, 1, 0, 0, 1, 1, 1, 1, 1, 1, 0, 0, 0, 0, 1, 1, 1, 0, 2, 1, 1, 1, 1, 1, 1, 0, 0, 1, 0, 1, 1, 0, 1, 0, 1, 0, 0, 1, 1, 1, 1, 1, 1, 0, 1, 1, 1, 0, 1, 1, 1, 1, 0, 0, 0, 1, 1, 1, 0, 1, 0, 1, 1, 0, 1, 0, 1, 1, 1, 1, 1, 1, 0, 0, 0, 1, 0, 1, 0, 1, 2, 1, 1, 1, 1, 1, 1, 1, 1, 1, 1, 1, 1, 1, 1, 0, 1, 1, 0, 1, 1, 0, 1, 1, 1, 1, 1, 1, 1, 1, 1, 0, 0, 1, 1, 1, 1, 1, 1, 1, 1, 0, 0, 1, 1, 0, 1, 1, 1, 1, 1, 1, 1, 1, 0, 1, 0, 1, 1, 1, 0, 1, 1, 0, 1, 1, 0, 1, 1, 1, 0, 1, 1, 1, 0, 1, 0, 1, 1, 1, 1, 0, 0, 1, 1, 1, 0, 1, 0, 1, 0, 1, 1, 1, 1, 0, 1, 1, 1, 1, 0, 1, 1, 1, 0, 1, 0, 1, 1, 0, 1, 1, 1, 1, 0, 1, 0, 1, 0, 1, 1, 0, 1, 1, 1, 0, 1, 1, 0, 1, 0, 0, 0, 1, 1, 0, 1, 1, 1, 0, 1, 1, 1, 1, 0, 0, 0, 1, 1, 1, 0, 1, 1, 0, 0, 0, 1, 0, 0, 0, 1, 1, 1, 0, 0, 1, 1, 1, 1, 1, 1, 1, 1, 1, 1, 0, 0, 0, 1, 1, 1, 1, 1, 0, 1, 0, 1, 1, 1, 1, 0, 1, 0, 1, 1, 0, 0, 1, 1, 0, 1, 0, 0, 1, 0, 1, 1, 1, 1, 0, 1, 1, 0, 1, 1, 1, 1, 0, 1, 0, 0, 0]  (index=594)
Round-trip   : lossless

MTFT         : 
Iteraciones usadas: 0
Entropía de salida: 1.4238 bits/símbolo
Round-trip   : lossless

[Compresores] (entrada: cadena post-MTFT, 2192 símbolos)
Algoritmo       Tamaño (bytes)  Tasa de compresión  
-------------- -------------- ------------------
Huffman         400             0.1825               lossless  
ZIP             667             0.3043               lossless  
Aritmético      391             0.1784               lossless  
PPM             1211            0.5525               lossless  
=======================================================
AF8 - 1325 símbolos

-------------------------------------------------------
--- AF8 ---
Longitud     : 1325
Original     : [7, 7, 0, 6, 0, 2, 0, 7, 1, 1, 7, 0, 7, 1, 0, 7, 1, 0, 7, 0, 7, 2, 0, 6, 1, 0, 7, 1, 1, 0, 0, 6, 1, 0, 1, 2, 7, 0, 1, 6, 7, 1, 6, 0, 1, 1, 1, 7, 0, 6, 1, 0, 0, 0, 0, 0, 1, 6, 2, 7, 7, 2, 6, 1, 1, 6, 0, 1, 7, 1, 7, 0, 1, 7, 0, 0, 0, 1, 7, 0, 2, 0, 7, 1, 7, 1, 0, 7, 0, 0, 0, 1, 1, 1, 0, 7, 1, 6, 2, 7, 0, 0, 0, 0, 0, 0, 0, 0, 0, 1, 6, 1, 0, 0, 7, 0, 2, 6, 0, 2, 7, 0, 0, 0, 7, 1, 0, 1, 6, 1, 7, 2, 7, 7, 2, 7, 0, 7, 7, 0, 1, 1, 0, 1, 6, 1, 1, 7, 7, 7, 0, 7, 2, 2, 6, 0, 2, 6, 7, 1, 1, 1, 6, 2, 6, 0, 1, 1, 6, 0, 1, 1, 6, 1, 7, 0, 1, 0, 7, 2, 6, 0, 0, 0, 1, 7, 2, 6, 0, 7, 0, 7, 0, 0, 1, 7, 7, 7, 0, 7, 0, 1, 0, 1, 7, 0, 1, 7, 2, 7, 7, 1, 7, 2, 6, 1, 0, 7, 2, 7, 0, 0, 0, 1, 0, 0, 0, 0, 6, 0, 7, 1, 7, 1, 0, 0, 1, 7, 1, 7, 1, 7, 2, 6, 1, 7, 0, 1, 7, 1, 0, 7, 1, 0, 7, 2, 6, 1, 0, 1, 2, 0, 2, 6, 0, 7, 1, 1, 7, 0, 1, 0, 7, 2, 7, 7, 1, 0, 7, 1, 7, 0, 0, 0, 0, 1, 7, 0, 7, 1, 0, 0, 0, 0, 1, 7, 0, 0, 1, 7, 7, 1, 1, 0, 0, 7, 0, 0, 6, 1, 1, 0, 0, 2, 6, 1, 0, 0, 7, 7, 0, 7, 2, 1, 7, 0, 1, 0, 7, 0, 0, 0, 6, 0, 2, 0, 1, 0, 7, 1, 7, 0, 1, 7, 1, 7, 0, 1, 7, 0, 0, 0, 0, 7, 1, 0, 1, 1, 6, 1, 7, 7, 7, 0, 0, 7, 0, 1, 6, 2, 2, 6, 7, 1, 0, 7, 7, 0, 7, 7, 7, 1, 1, 1, 0, 7, 1, 0, 0, 6, 2, 1, 7, 2, 7, 7, 0, 0, 2, 6, 0, 0, 2, 6, 0, 0, 2, 0, 7, 1, 7, 7, 2, 6, 7, 1, 7, 0, 1, 6, 2, 6, 2, 0, 0, 7, 1, 0, 0, 0, 0, 0, 7, 1, 0, 0, 1, 7, 0, 0, 0, 7, 1, 1, 7, 0, 0, 0, 0, 2, 2, 7, 1, 0, 7, 0, 0, 1, 0, 6, 2, 7, 0, 0, 1, 7, 0, 1, 6, 2, 6, 1, 1, 6, 1, 0, 7, 0, 2, 7, 7, 1, 7, 1, 7, 1, 7, 1, 0, 0, 0, 7, 1, 0, 0, 7, 0, 1, 7, 0, 1, 7, 0, 0, 0, 6, 2, 0, 0, 7, 0, 0, 0, 0, 1, 6, 1, 0, 0, 0, 0, 0, 0, 1, 6, 2, 6, 2, 7, 0, 0, 0, 0, 1, 6, 0, 2, 6, 0, 2, 6, 1, 0, 7, 0, 1, 7, 0, 1, 7, 0, 1, 0, 7, 0, 0, 2, 1, 1, 7, 0, 1, 0, 0, 0, 0, 7, 1, 0, 7, 1, 1, 7, 0, 0, 7, 1, 0, 7, 0, 1, 0, 0, 0, 0, 7, 1, 2, 6, 0, 1, 7, 0, 0, 2, 6, 7, 1, 6, 0, 2, 0, 7, 7, 7, 7, 1, 0, 7, 0, 2, 2, 7, 0, 0, 0, 0, 1, 0, 7, 0, 0, 0, 1, 0, 6, 1, 0, 0, 1, 2, 6, 1, 7, 0, 0, 2, 6, 1, 0, 0, 7, 7, 7, 7, 1, 7, 1, 0, 1, 0, 7, 0, 0, 7, 7, 0, 6, 1, 0, 1, 1, 7, 7, 0, 1, 0, 6, 2, 0, 0, 7, 0, 1, 0, 6, 2, 7, 0, 1, 7, 0, 1, 6, 2, 0, 0, 2, 7, 7, 0, 7, 0, 0, 7, 2, 0, 0, 1, 7, 0, 7, 1, 6, 0, 2, 0, 7, 1, 7, 1, 2, 7, 7, 0, 6, 2, 7, 0, 0, 1, 0, 7, 1, 7, 1, 7, 1, 7, 0, 1, 7, 1, 0, 0, 0, 6, 2, 0, 7, 0, 0, 0, 1, 7, 0, 1, 6, 1, 1, 6, 0, 2, 0, 0, 7, 1, 0, 0, 6, 2, 1, 0, 1, 2, 6, 1, 0, 0, 1, 0, 7, 0, 0, 1, 7, 7, 2, 7, 7, 2, 0, 0, 7, 7, 2, 7, 0, 1, 7, 0, 1, 0, 0, 7, 0, 1, 7, 7, 7, 7, 1, 7, 2, 0, 2, 0, 6, 1, 7, 2, 7, 0, 1, 6, 1, 0, 1, 7, 0, 7, 2, 7, 1, 1, 7, 0, 6, 2, 2, 7, 0, 0, 7, 7, 7, 0, 7, 0, 1, 1, 0, 7, 1, 7, 6, 0, 7, 0, 0, 1, 7, 1, 7, 1, 0, 6, 2, 7, 0, 1, 7, 1, 0, 6, 1, 1, 6, 1, 7, 2, 7, 0, 1, 7, 7, 2, 7, 1, 0, 7, 1, 7, 7, 2, 7, 7, 2, 0, 0, 0, 6, 1, 0, 7, 2, 7, 0, 0, 1, 7, 0, 7, 0, 2, 7, 0, 0, 0, 0, 0, 7, 1, 0, 7, 2, 7, 1, 7, 0, 7, 1, 7, 1, 7, 0, 1, 0, 0, 1, 6, 2, 6, 0, 2, 6, 0, 1, 7, 2, 1, 7, 0, 0, 1, 7, 7, 1, 0, 1, 7, 0, 0, 2, 0, 0, 7, 1, 0, 7, 1, 7, 1, 0, 0, 6, 1, 0, 7, 1, 1, 6, 1, 0, 0, 0, 7, 2, 6, 1, 0, 7, 1, 0, 0, 1, 6, 0, 0, 7, 1, 1, 0, 7, 0, 6, 7, 1, 2, 1, 7, 2, 6, 0, 1, 7, 1, 1, 6, 7, 1, 1, 0, 0, 7, 0, 0, 0, 7, 1, 0, 7, 0, 1, 0, 6, 1, 1, 0, 6, 2, 6, 0, 6, 0, 1, 0, 1, 7, 0, 7, 0, 6, 0, 0, 1, 0, 1, 6, 1, 1, 0, 0, 0, 0, 0, 2, 6, 2, 7, 7, 2, 0, 7, 1, 7, 7, 0, 0, 0, 2, 6, 0, 1, 0, 7, 1, 7, 1, 7, 0, 1, 7, 0, 1, 7, 7, 1, 0, 2, 1, 7, 0, 0, 0, 0, 0, 0, 0, 7, 1, 0, 1, 7, 1, 1, 6, 1, 0, 1, 7, 7, 2, 0, 0, 0, 1, 0, 1, 0, 0, 6, 2, 0, 7, 0, 0, 0, 7, 1, 7, 0, 1, 7, 7, 0, 0, 7, 0, 0, 0, 0, 7, 7, 0, 0, 0, 0, 1, 1, 0, 7, 1, 0, 2, 1, 0, 7, 7, 1, 0, 6, 0, 0, 0, 0, 0, 6, 0, 2, 7, 1, 0, 1, 0, 0, 0, 7, 7, 1, 0, 0, 0, 6, 1, 7, 0, 7, 0, 0, 0, 1, 2, 0, 0, 0, 7, 1, 2, 0, 0, 0, 7, 1, 7, 7, 1, 7, 7, 1, 7, 0, 0, 7, 7, 1, 1, 7, 7, 0, 1, 6, 2, 6, 0, 0, 0, 0, 0, 0, 2, 6, 0, 2, 1, 7, 1, 1, 6, 0, 2, 6, 1, 7, 1, 0, 7, 1, 0, 1, 7, 1, 0, 0, 0, 0, 7, 1, 0, 0, 0, 2, 7, 0, 0, 1, 0, 7, 0, 1, 0, 6, 2, 0, 6, 2, 0, 7, 1, 7, 1, 7, 0, 1, 6, 7, 1, 1, 0, 1, 6, 0, 2, 7, 7, 1, 0, 0, 1, 7, 1, 1, 7, 0, 0, 0, 2, 7, 7, 2, 7, 0, 7, 7, 7, 0, 7, 0, 1, 1, 0, 0, 7, 0, 0]
BWT          : [7, 0, 0, 7, 0, 1, 6, 0, 0, 0, 1, 0, 1, 6, 1, 0, 7, 7, 7, 7, 7, 0, 0, 0, 1, 7, 7, 0, 0, 0, 1, 1, 0, 7, 0, 1, 0, 1, 7, 7, 2, 7, 0, 0, 7, 7, 0, 0, 0, 0, 0, 0, 7, 7, 0, 6, 0, 7, 0, 0, 1, 7, 7, 0, 0, 2, 1, 7, 1, 0, 0, 1, 0, 7, 0, 7, 0, 0, 7, 2, 0, 7, 2, 1, 0, 1, 0, 0, 6, 0, 7, 0, 1, 7, 7, 0, 0, 0, 1, 1, 0, 0, 0, 1, 0, 0, 1, 0, 0, 7, 0, 7, 0, 2, 1, 7, 1, 0, 7, 7, 7, 7, 7, 6, 7, 0, 6, 7, 0, 0, 1, 7, 0, 7, 0, 2, 0, 0, 0, 0, 1, 1, 0, 7, 0, 0, 0, 1, 1, 1, 2, 7, 1, 1, 1, 2, 7, 1, 1, 1, 2, 0, 0, 2, 0, 0, 0, 0, 7, 0, 0, 2, 0, 6, 0, 0, 0, 0, 0, 7, 0, 0, 7, 7, 1, 0, 7, 2, 7, 1, 0, 7, 7, 1, 7, 1, 7, 0, 0, 7, 6, 0, 7, 7, 7, 0, 7, 0, 7, 0, 7, 1, 0, 2, 6, 0, 7, 7, 7, 7, 0, 7, 0, 6, 6, 6, 1, 1, 0, 1, 1, 0, 1, 0, 0, 1, 0, 0, 7, 1, 7, 1, 1, 7, 7, 7, 0, 7, 7, 0, 0, 7, 7, 7, 7, 7, 0, 0, 1, 6, 7, 7, 0, 7, 0, 7, 7, 1, 7, 0, 0, 1, 0, 0, 1, 1, 7, 7, 7, 1, 6, 0, 7, 6, 0, 0, 6, 0, 7, 7, 0, 7, 0, 1, 7, 0, 0, 7, 6, 0, 6, 2, 6, 7, 6, 0, 6, 1, 0, 1, 6, 7, 0, 0, 0, 0, 6, 0, 6, 7, 2, 0, 0, 6, 6, 0, 6, 0, 7, 6, 0, 6, 0, 6, 7, 0, 1, 7, 6, 0, 7, 0, 0, 7, 1, 7, 0, 2, 0, 0, 0, 1, 1, 0, 2, 0, 1, 1, 0, 0, 2, 0, 0, 7, 1, 7, 1, 1, 1, 7, 0, 0, 1, 1, 7, 2, 1, 0, 2, 1, 6, 1, 7, 1, 0, 7, 0, 1, 1, 7, 1, 1, 0, 7, 7, 0, 0, 1, 0, 1, 0, 7, 1, 7, 1, 6, 1, 0, 7, 0, 1, 0, 0, 1, 0, 0, 0, 1, 0, 1, 0, 0, 1, 7, 0, 0, 1, 0, 1, 0, 1, 0, 1, 6, 2, 0, 0, 7, 1, 1, 1, 0, 6, 1, 2, 2, 7, 2, 1, 1, 1, 2, 0, 2, 1, 0, 7, 7, 7, 1, 1, 0, 1, 1, 7, 1, 1, 0, 7, 0, 0, 0, 1, 0, 1, 0, 0, 7, 0, 7, 2, 0, 6, 6, 1, 7, 7, 0, 7, 0, 0, 7, 7, 7, 7, 6, 0, 6, 6, 7, 0, 7, 7, 7, 1, 1, 7, 0, 7, 7, 1, 1, 1, 7, 0, 6, 6, 6, 7, 0, 7, 7, 6, 6, 2, 6, 1, 0, 1, 7, 7, 0, 0, 6, 7, 7, 6, 7, 7, 7, 0, 0, 7, 0, 0, 1, 0, 0, 7, 0, 7, 0, 7, 0, 0, 0, 7, 7, 0, 6, 7, 6, 1, 7, 6, 1, 7, 1, 7, 7, 6, 6, 7, 1, 7, 0, 7, 0, 0, 1, 7, 0, 7, 6, 6, 7, 0, 7, 2, 6, 6, 7, 7, 7, 0, 7, 0, 6, 7, 1, 0, 1, 0, 7, 0, 7, 0, 0, 6, 6, 7, 7, 7, 6, 0, 6, 0, 1, 7, 7, 7, 7, 2, 7, 1, 7, 7, 0, 7, 6, 0, 7, 0, 7, 7, 0, 0, 0, 7, 0, 7, 1, 1, 1, 7, 7, 0, 1, 0, 0, 1, 0, 0, 1, 1, 0, 0, 0, 1, 1, 0, 1, 0, 0, 0, 1, 0, 0, 0, 0, 7, 0, 1, 0, 0, 2, 7, 1, 0, 0, 1, 0, 0, 2, 0, 0, 6, 0, 1, 7, 1, 7, 0, 2, 0, 6, 1, 0, 0, 0, 7, 7, 7, 7, 0, 0, 7, 7, 6, 7, 0, 7, 0, 0, 1, 1, 6, 0, 0, 0, 1, 0, 7, 0, 0, 0, 7, 7, 7, 7, 0, 7, 7, 6, 0, 2, 0, 0, 0, 7, 7, 7, 0, 0, 7, 7, 7, 0, 7, 7, 0, 7, 7, 0, 2, 0, 7, 7, 6, 6, 2, 0, 6, 7, 7, 0, 1, 1, 0, 0, 0, 7, 7, 0, 7, 0, 7, 0, 6, 0, 1, 0, 7, 7, 1, 1, 7, 6, 6, 6, 6, 0, 0, 7, 0, 7, 1, 7, 0, 6, 6, 6, 0, 0, 0, 6, 7, 0, 0, 6, 0, 0, 0, 7, 7, 0, 1, 6, 7, 6, 0, 6, 0, 6, 7, 0, 0, 0, 6, 1, 7, 0, 0, 6, 0, 2, 0, 6, 7, 0, 1, 0, 0, 7, 0, 7, 7, 7, 6, 1, 7, 0, 6, 6, 0, 2, 0, 0, 7, 6, 0, 2, 6, 7, 0, 0, 6, 6, 7, 2, 7, 1, 7, 6, 6, 7, 7, 7, 0, 2, 7, 7, 7, 7, 1, 0, 0, 7, 0, 7, 7, 7, 6, 6, 7, 0, 2, 0, 2, 0, 2, 2, 1, 0, 2, 1, 2, 1, 2, 2, 1, 2, 1, 0, 0, 1, 1, 2, 2, 1, 2, 1, 2, 2, 0, 1, 2, 7, 2, 2, 0, 1, 0, 1, 2, 0, 1, 2, 2, 0, 2, 0, 1, 1, 2, 1, 2, 0, 0, 2, 0, 1, 0, 0, 2, 1, 2, 0, 1, 2, 1, 2, 0, 2, 0, 1, 1, 1, 1, 0, 0, 2, 0, 0, 0, 0, 0, 0, 1, 0, 1, 1, 1, 0, 1, 1, 1, 1, 2, 0, 0, 0, 0, 2, 1, 2, 1, 1, 2, 0, 1, 2, 2, 2, 1, 2, 2, 7, 2, 0, 1, 1, 1, 0, 2, 0, 0, 0, 0, 1, 7, 1, 0, 1, 2, 0, 1, 0, 0, 2, 2, 2, 2, 0, 1, 1, 0, 0, 1, 0, 7, 1, 1, 0, 7, 7, 1, 0, 0, 0, 1, 2, 1, 0, 1, 1, 0, 0, 7, 0, 0, 1, 1, 1, 1, 0, 7, 0, 2, 1, 1, 0, 7, 1, 1, 1, 2, 1, 1, 1, 2, 1, 2, 0, 0, 1, 1, 2, 1, 1, 1, 1, 1, 2, 0, 1, 0, 0, 0, 0, 0, 7, 1, 7, 1, 7, 0, 1, 0, 7, 7, 7, 7, 1, 1, 1, 1, 1, 1, 0, 7, 7, 1, 2, 2, 7, 0, 0, 1, 0, 7, 1, 1, 0, 0, 7, 1, 1, 0, 0, 0, 2, 1, 0, 0, 7, 0, 0, 0, 7, 7, 1, 1, 1, 2, 0, 0, 7, 0, 1, 0, 1, 0, 7, 0, 2, 0, 0, 6, 0, 6, 7, 6, 0, 7, 6, 1, 0, 1, 1, 0, 1, 0, 0, 2, 0, 7, 0, 6, 0, 1, 6, 0, 6, 0, 0, 7, 1, 6, 1, 1, 1, 1, 1, 0, 0, 2, 1, 0, 0, 7, 1, 0, 0, 0, 0, 0, 1, 1, 0, 7, 1, 7, 7, 1, 0, 0, 7, 0, 0, 0, 7, 7, 0, 7, 1, 0, 7, 1, 0, 0, 0, 1, 1, 0, 0, 1, 7, 1, 7, 0, 0, 1, 7, 1, 7, 7, 7, 0, 0, 1, 0, 1, 7, 7, 1, 1, 0, 1, 2, 1, 7, 1, 0, 1, 0, 0, 2, 2, 7, 7, 7, 0, 7, 0, 0, 2, 1, 1, 0, 7, 2, 1, 7, 0, 1, 7, 2, 7, 2, 1, 1, 2, 2, 2, 2, 1, 0, 2, 2, 1, 1, 1, 1, 1, 0, 0, 1, 7, 0, 7, 7, 0, 0, 1]  (index=1275)
Round-trip   : lossless

MTFT         : 
Iteraciones usadas: 0
Entropía de salida: 2.1095 bits/símbolo
Round-trip   : lossless

[Compresores] (entrada: cadena post-MTFT, 1325 símbolos)
Algoritmo       Tamaño (bytes)  Tasa de compresión  
-------------- -------------- ------------------
Huffman         359             0.2709               lossless  
ZIP             588             0.4438               lossless  
Aritmético      350             0.2642               lossless  
PPM             1908            1.4400               lossless  


  Guardado: resultados/resultado_beetle6/plot_beetle6_imagen_contornos.png
  Guardado: resultados/resultado_beetle6/plot_beetle6_bytes_comprimidos.png
   Guardado: resultados/resultado_beetle6/plot_beetle6_ratio_compresion.png

Resultados exportados con éxito en la carpeta: resultados/resultado_beetle6

